109.75915505267618
62.903784680366755
80.57203893727473
87.29137502139592
104.5096737369565
100.79004126181798
102.67985453547706
101.89993159714156
100.16010350393161
97.7903376528353
57.594309292467415
22.107815598202336
20.00802307191446
19.498073458387406
19.858037891465326
19.348088277938274
20.637960829800825
19.64805863883654
19.528070494477234
20.068017144094114
19.138109025309486
74.7226168997585
100.37008275656041
98.2402931941827
106.57946922715455
104.11971226778874
108.3192973203645
105.979528505358
111.61897129024544
110.74905724364046
100.16010350393161
98.09030801373356
106.60946626324437
110.95903649626925
112.06892683159285
103.51977154599221
107.29939809331039
93.56075556416972
46.01545336179428
28.077225780077864
25.827448073340857
71.99288661558427
116.56848224506686
113.86874899698245
98.45027244681148
106.96943069632229
103.69975376253117
99.89013017912318
89.96111123339051
111.97893572332336
110.14911652184394
104.23970041214805
97.94032283328443
111.94893868723354
106.39948701061559
109.93913726921514
137.95636897711336
124.57769088105061
54.74459086393387
29.307104259760763
23.877640727502115
79.49214563804097
110.20911059402358
105.34959074747165
105.10961445875303
99.41017760168594
105.58956703619026
100.22009757611127
110.71906020755064
99.4701716738656
120.9780465502714
105.4095848196513
101.77994345278226
103.00982193246516
99.05021316860802
104.56966780913615
109.96913430530498
68.4532363569847
25.79745103725103
25.167513279364666
27.237308769562716
75.92249834335158
105.979528505358
132.61689655312418
99.3501835295063
102.76984564374655
98.90022798815889
98.96022206033854
115.9385444871805
106.69945737151384
102.43987824675845
107.68935956247813
111.52898018197597
133.9667631771664
105.94953146926818
103.48977450990239
104.23970041214805
116.41849706461772
74.1526732140518
28.947139826682843
27.747258383089772
102.76984564374655
104.23970041214805
105.0796174226632
102.34988713848897
107.11941587677143
110.20911059402358
105.22960260311234
99.98012128739265
107.02942476850194
94.49066368295435
108.22930621209501
105.0796174226632
105.43958185574112
111.34899796543701
75.26256354937539
27.447288022191504
22.467780031280256
23.1877088974361
22.467780031280256
22.07781856211251
84.29167141241325
134.5367068628731
106.84944255196298
97.52036432802686
117.34840518340236
95.99051548744569
85.82152025299442
109.24920543914912
121.8779576329662
137.50641343576595
90.44106381082774
100.8200382979078
98.93022502424871
100.2500946122011
101.86993456105174
105.52957296401061
105.94953146926818
97.73034358065564
53.42472127598149
25.70745992898155
71.0329814607098
104.65965891740564
138.52631266282006
133.33682541928002
106.24950183016645
103.09981304073463
105.76954925272922
99.95012425130282
103.3997834016329
106.21950479407663
131.44701214562093
117.6183785082108
91.40096896570219
104.2996944843277
109.57917283613722
101.83993752496191
101.20999976707554
70.25305852237432
33.50668931233651
24.68756070192744
78.32226123053772
103.24979822118377
105.10961445875303
95.9005243791762
100.73004718963833
123.19782722091858
111.94893868723354
101.1500056948959
112.21891201204198
100.61005904527902
96.65045028142188
102.2598960302195
118.5182895909056
106.1895077579868
99.89013017912318
102.31989010239914
94.37067553859505
48.11524588808215
31.37689974995881
26.757356192125485
71.15296960506912
112.66886755338938
104.47967670086668
111.85894757896406
100.64005608136884
103.78974487080066
96.5604591731524
107.62936549029848
111.19901278498787
97.85033172501495
109.87914319703549
98.6902487355301
97.28038803930825
105.979528505358
120.67807618937313
135.73658830646616
105.04962038657338
64.10366612395983
29.367098331940415
26.72735915603566
66.71340826377475
109.42918765568808
104.11971226778874
108.61926768126277
97.82033468892513
101.56996420015348
107.29939809331039
111.28900389325734
95.96051845135587
102.19990195803983
125.38761085547594
110.62906909928115
108.40928842863397
110.65906613537099
99.38018056559612
95.63055105436777
104.86963817003442
86.931410588318
34.10663003413305
29.187116115401455
83.60173958234724
112.48888533685042
113.59877567217401
101.06001458662642
98.39027837463183
101.89993159714156
101.23999680316538
107.539374382029
103.00982193246516
110.29910170229306
113.44879049172488
107.35939216549004
104.41968262868701
107.11941587677143
93.9807140694273
112.84884976992834
71.51293403814704
33.11672784316876
31.166920497330022
31.046932352970718
91.25098378525306
101.86993456105174
115.99853855936016
115.84855337891102
107.539374382029
98.8102368798894
100.01011832348247
103.03981896855498
100.37008275656041
102.22989899412966
89.42116458377363
107.80934770683744
111.70896239851493
121.69797541642724
104.38968559259719
36.086434416061614
22.227803742561644
21.14791044332788
22.947732608717487
22.287797814741296
83.81171883497602
107.95933288728658
110.26910466620323
103.1598071129143
95.27058662128985
107.0894188406816
111.13901871280821
129.2572285110636
122.777868715661
92.81082966192405
100.19010054002145
102.94982786028551
92.27088301230717
102.94982786028551
105.88953739708853
98.21029615809287
88.70123571761778
65.96348236152909
25.167513279364666
21.207904515507533
72.95279177045873
114.10872528570107
119.92815028712747
107.17940994895108
97.22039396712859
106.45948108279524
100.67005311745866
107.11941587677143
116.50848817288721
122.02794281341534
117.58838147212097
95.99051548744569
104.8396411339446
101.06001458662642
99.62015685431473
101.32998791143486
106.90943662414264
77.75231754483102
28.797154646233707
24.68756070192744
82.64183442747277
104.41968262868701
96.89042657014049
106.12951368580714
122.23792206604412
111.97893572332336
111.61897129024544
95.30058365737968
94.04070814160696
99.65015389040455
124.18772941188287
143.0558651123839
132.88686987793264
93.0808029867325
102.8298397159262
99.1402042768775
64.04367205178018
27.777255419179596
35.21652036945664
26.93733840866445
73.49273842007561
103.24979822118377
101.03001755053658
101.06001458662642
100.76004422572815
103.30979229336343
102.22989899412966
101.89993159714156
114.01873417743158
107.6593625263883
110.83904835190995
106.36948997452576
99.5901598182249
103.09981304073463
110.5690750271015
116.65847335333635
66.23345568633752
36.50639292131919
31.01693531688089
28.58717539360492
71.3629488576979
110.8990424240896
101.38998198361452
95.3305806934695
102.76984564374655
121.72797245251706
98.2402931941827
93.95071703333747
104.89963520612424
113.59877567217401
106.06951961362749
99.920127215213
100.55006497309937
103.18980414900412
101.03001755053658
80.12208339592732
35.816461091253174
30.83695310034193
28.107222816167692
30.536982739443662
89.99110826948034
91.82092747095977
116.0585326315398
107.7493536346578
111.94893868723354
101.7199493806026
98.09030801373356
100.01011832348247
97.40037618366755
100.67005311745866
103.54976858208204
108.49927953690346
118.81825995180387
107.0894188406816
115.51858598192293
103.45977747381257
52.734789445915474
27.17731469738306
28.55717835751509
27.447288022191504
70.25305852237432
98.99021909642838
96.08050659571518
136.3365290282627
120.1981236119359
97.28038803930825
101.2699938392552
114.01873417743158
104.53967077304632
101.20999976707554
98.5702605911708
111.4689861097963
106.33949293843592
106.21950479407663
97.10040582276928
108.01932695946623
64.37363944876827
27.26730580565254
22.377788923010776
22.43778299519043
78.11228197790894
124.24772348406252
125.05764345848785
111.37899500152683
105.85954036099871
106.69945737151384
103.93973005124978
98.66025169944028
112.03892979550302
123.07783907655927
97.64035247238617
110.8990424240896
103.00982193246516
101.35998494752468
102.4998723189381
113.53878159999435
99.29018945732663
107.38938920157987
61.64390916459403
23.84764369141229
62.30384395857022
104.2996944843277
108.28930028427467
119.89815325103763
109.12921729478983
102.67985453547706
106.57946922715455
97.88032876110478
99.83013610694351
107.59936845420866
127.3674152374045
142.39593031840772
104.20970337605823
103.45977747381257
103.18980414900412
80.03209228765785
34.40660039503131
25.70745992898155
25.97743325378999
27.11732062520341
69.02318004269142
107.92933585119675
105.28959667529199
98.36028133854201
110.77905427973029
104.2996944843277
107.17940994895108
113.20881420300626
127.57739449003329
107.05942180459178
103.729750798621
112.21891201204198
92.0909007957682
94.82063107994244
106.24950183016645
125.29761974720645
125.59759010810473
101.1500056948959
46.13544150615358
26.217409542508605
68.6632156096135
98.03031394155391
105.25959963920216
108.3192973203645
104.86963817003442
94.85062811603227
105.43958185574112
101.65995530842295
100.88003237008746
100.28009164829092
109.78915208876602
134.86667425986118
114.31870453832985
108.25930324818485
110.05912541357445
93.0808029867325
103.2797952572736
63.653710582612426
35.75646701907352
29.72706276501834
69.65311780057777
121.75796948860689
99.1402042768775
113.62877270826384
102.4998723189381
106.09951664971732
103.78974487080066
102.22989899412966
102.76984564374655
95.72054216263724
111.04902760453874
106.81944551587316
108.07932103164589
113.59877567217401
100.91002940617729
111.82895054287422
105.76954925272922
52.854777590274786
30.776959028162274
29.667068692838683
70.91299331635051
90.1710904860193
138.4663185906404
101.44997605579417
103.21980118509394
114.40869564659933
113.86874899698245
106.72945440760368
102.2598960302195
95.45056883782881
96.110503631805
107.29939809331039
87.41136316575523
99.26019242123681
111.82895054287422
79.07218713278338
30.476988667264006
25.88744214552051
22.287797814741296
21.23790155159736
80.872009298173
126.04754564945212
107.95933288728658
108.73925582562207
107.47938030984935
98.51026651899114
92.15089486794787
119.80816214276815
122.89785686002031
115.00863636839587
93.95071703333747
101.44997605579417
102.94982786028551
101.68995234451278
100.34008572047057
104.47967670086668
99.95012425130282
99.62015685431473
50.66499395571743
22.317794850831124
68.06327488781696
106.84944255196298
118.90825106007335
117.79836072474976
118.30831033827681
97.55036136411668
104.35968855650736
96.47046806488292
99.20019834905716
111.10902167671838
134.89667129595102
131.35702103735147
108.6492647173526
93.05080595064267
106.69945737151384
106.87943958805282
47.365319985836486
27.11732062520341
26.457385831227217
25.40748956808328
76.70242128168707
110.95903649626925
95.15059847693054
108.43928546472381
101.38998198361452
107.95933288728658
100.04011535957231
104.77964706176493
130.0371514493991
105.4095848196513
101.41997901970434
109.27920247523896
106.00952554144783
100.07011239566214
104.6296618813158
123.76777090662529
68.63321857352366
30.237012378545394
23.727655547052983
22.64776224781922
92.39087115666648
101.53996716406364
105.55957000010044
108.97923211434069
95.75053919872708
107.11941587677143
108.01932695946623
96.2304917761643
108.8892410060712
109.2192084030593
127.0374478404164
105.7395522166394
109.36919358350843
106.99942773241212
98.60025762726062
113.2388112390961
69.2331592953202
30.83695310034193
32.546784157462056
30.3570005229047
82.3418640665745
102.28989306630932
105.85954036099871
105.88953739708853
99.50016870995542
102.97982489637533
98.39027837463183
112.87884680601817
111.37899500152683
96.5604591731524
96.17049770398465
102.70985157156689
108.58927064517295
118.3983014465463
104.92963224221407
57.144353751120015
34.28661225067201
27.147317661293236
29.307104259760763
28.107222816167692
79.85211007111889
105.19960556702252
104.6296618813158
95.39057476564916
125.92755750509282
143.56581472591097
93.2007911310918
98.84023391597924
97.43037321975737
125.95755454118265
111.61897129024544
105.04962038657338
97.16039989494894
96.50046510097275
127.06744487650623
99.29018945732663
104.08971523169892
67.64331638255939
23.907637763591943
20.847940082429613
76.8524064621362
102.31989010239914
124.42770570060148
106.6394632993342
102.40988121066862
108.91923804216103
100.64005608136884
101.32998791143486
105.82954332490887
121.66797838033742
119.23821845706145
98.33028430245218
108.8892410060712
100.2500946122011
98.84023391597924
109.18921136696947
109.33919654741861
96.29048584834396
48.41521624898042
27.02732951693393
73.49273842007561
100.40007979265023
94.31068146641539
105.61956407228008
120.43809990065452
106.90943662414264
106.48947811888506
95.36057772955932
91.8509245070496
102.91983082419567
110.53907799101168
134.50670982678326
136.84647864178976
102.31989010239914
102.28989306630932
100.37008275656041
51.474913930142755
28.167216888347344
26.877344336484793
25.40748956808328
76.13247759598036
96.38047695661344
112.45888830076059
95.99051548744569
107.14941291286125
114.0487312135214
103.21980118509394
98.12030504982339
107.26940105722056
119.02823920443265
109.78915208876602
112.93884087819782
92.78083262583422
98.6902487355301
103.36978636554308
116.14852373980929
66.6534141915951
35.906452199522654
34.67657371983976
28.76715761014388
96.26048881225414
111.55897721806579
105.79954628881904
120.9780465502714
110.8990424240896
99.920127215213
104.44967966477684
118.5182895909056
101.12000865880607
90.92101638826496
105.49957592792077
111.19901278498787
107.0894188406816
105.10961445875303
106.39948701061559
102.67985453547706
110.38909281056254
50.69499099180726
41.09593944306269
29.007133898862495
94.91062218821193
118.30831033827681
94.4306696107747
117.67837258039046
106.57946922715455
105.7395522166394
96.80043546187102
92.57085337320544
97.670349508476
108.13931510382554
101.06001458662642
99.98012128739265
103.24979822118377
100.73004718963833
101.32998791143486
45.5954948565367
24.02762590795125
22.317794850831124
21.86783930948372
21.927833381663376
88.91121497024658
111.52898018197597
104.89963520612424
99.20019834905716
99.11020724078767
98.33028430245218
108.10931806773571
126.22752786599108
132.79687876966315
91.58095118224115
96.65045028142188
107.26940105722056
102.85983675201602
93.80073185288833
103.78974487080066
104.1797063399684
104.41968262868701
71.0329814607098
25.52747771244259
20.997925262878745
76.88240349822604
107.32939512940021
103.21980118509394
124.27772052015234
113.65876974435366
111.6789653624251
98.09030801373356
99.08021020469785
91.16099267698358
102.31989010239914
132.1969380478666
116.26851188416859
97.670349508476
98.30028726636235
105.13961149484285
101.7199493806026
61.433929911965244
30.446991631174182
29.99703608982678
28.257207996616824
77.66232643656153
93.9807140694273
100.97002347835694
133.8767720688969
102.40988121066862
107.35939216549004
107.4193862376697
132.34692322831575
106.36948997452576
107.56937141811883
114.5886778631383
96.110503631805
100.43007682874006
106.03952257753767
129.01725222234498
113.4787875278147
57.864282617275855
29.157119079311627
26.037427325969645
26.097421398149297
71.15296960506912
103.42978043772273
104.56966780913615
110.5690750271015
101.03001755053658
107.23940402113074
100.88003237008746
99.3501835295063
90.83102527999549
106.21950479407663
103.729750798621
133.27683134710037
107.77935067074762
102.13990788586018
110.4490868827422
104.59966484522597
110.08912244966427
63.713704654792075
33.56668338451617
34.04663596195339
78.35225826662754
102.67985453547706
107.59936845420866
101.62995827233313
104.47967670086668
100.13010646784178
93.05080595064267
105.43958185574112
118.99824216834283
106.15951072189696
94.61065182731366
104.59966484522597
105.94953146926818
108.52927657299328
117.22841703904305
101.83993752496191
38.15622990625966
28.887145754503187
28.6771665018744
27.17731469738306
70.7930051719912
106.69945737151384
92.24088597621734
104.0597181956091
138.37632748237093
101.9299286332314
96.5604591731524
97.82033468892513
124.7876701336794
100.58006200918919
97.10040582276928
100.70005015354849
104.32969152041754
97.46037025584721
95.7805362348169
103.63975969035153
69.53312965621848
23.877640727502115
21.77784820121424
21.80784523730407
67.52332823820008
107.14941291286125
133.3968194914597
111.61897129024544
103.90973301515996
114.40869564659933
102.8298397159262
100.8200382979078
112.87884680601817
128.41731150054844
110.29910170229306
102.94982786028551
106.48947811888506
102.13990788586018
92.72083855365457
99.29018945732663
108.28930028427467
107.62936549029848
62.3938350668397
28.917142790593015
78.23227012226823
100.73004718963833
100.31008868438074
106.06951961362749
125.41760789156577
105.0796174226632
102.34988713848897
109.63916690831688
99.0202161325182
101.1500056948959
96.53046213706257
129.55719887196184
132.3169261922259
106.39948701061559
138.40632451846076
83.87171290715567
63.68370761870225
45.29552449563844
46.13544150615358
42.92575864454212
71.45293996596739
95.9005243791762
107.7493536346578
105.82954332490887
98.84023391597924
104.9596292783039
108.70925878953224
106.84944255196298
97.28038803930825
104.59966484522597
113.59877567217401
102.34988713848897
115.84855337891102
100.58006200918919
104.44967966477684
97.46037025584721
113.50878456390453
52.07485465193929
31.856852327396037
33.38670116797721
100.31008868438074
111.37899500152683
101.89993159714156
120.70807322546295
109.90914023312531
106.39948701061559
104.89963520612424
110.62906909928115
102.8298397159262
101.68995234451278
111.13901871280821
109.18921136696947
106.60946626324437
113.08882605864696
115.66857116237206
100.01011832348247
110.02912837748462
61.76389730895334
32.816757482270496
30.626973847713142
93.95071703333747
118.66827477135473
96.50046510097275
109.81914912485584
117.22841703904305
95.09060440475089
105.64956110836991
102.85983675201602
106.93943366023247
99.86013314303335
102.55986639111775
96.62045324533206
102.40988121066862
106.36948997452576
100.40007979265023
52.40482204892738
25.557474748532414
21.77784820121424
21.89783634557355
21.567868948585453
74.1526732140518
112.33890015640128
101.2699938392552
110.47908391883203
103.54976858208204
98.03031394155391
105.76954925272922
121.39800505552897
129.64718998023133
102.88983378810585
97.61035543629633
99.56016278213508
99.0202161325182
100.79004126181798
101.41997901970434
95.60055401827795
101.83993752496191
99.920127215213
34.55658557548045
24.627566629747786
61.703903236773684
107.11941587677143
102.70985157156689
127.06744487650623
105.28959667529199
110.92903946017942
105.55957000010044
101.00002051444676
100.85003533399762
104.20970337605823
127.57739449003329
121.63798134424759
99.74014499867404
106.09951664971732
100.07011239566214
103.729750798621
60.7140010458094
29.33710129585059
26.93733840866445
