16016.947417199099
28876.916765196558
29482.106968308814
27759.61716195878
30137.00226022191
25042.27565368964
31139.59319745219
29943.851344839517
29176.04720908431
29923.153389937535
30306.485514129432
28188.96473951247
25492.92112686711
30118.49408895449
29910.734616996346
28096.843841680613
28218.78179338576
26901.281971284476
27272.4352988239
28089.434573766423
31343.87301322391
26906.441461491926
30709.405702887983
29673.06810005665
29064.75820519105
26938.83826046894
30866.890142359574
27167.53566361778
28320.71172201899
28041.40931898661
25778.25293415354
30041.011744734464
30843.972406786947
27227.85970319442
28010.092413308834
28972.787292539644
25709.61971558002
30310.50511696547
27960.327330435808
27768.07632613611
29393.405732591193
26998.532362287693
28723.031970055745
31054.97155864279
27020.10023123628
28749.009403309534
29227.6721081949
25823.998414190526
30613.08522000355
27881.705098844373
32103.547952198773
