1993.3930392772588
2015.2908756228326
2017.42066518521
2008.2415721417233
2005.3018626049202
2002.2121678876679
1988.9834749720544
2007.3716580951182
1999.3324524230445
1957.1566196807482
1943.0880097546194
1982.7440914653705
1999.3024553869548
2001.7322153102307
1998.072576907272
1999.1824672425955
2001.0722805162545
1998.0125828350922
2008.3915573221723
1993.3930392772588
2075.7349033438336
2009.8614120905738
2035.3288957308368
1978.9344678819625
2001.9121975267697
2013.1010919882751
1985.2038484247362
1997.352648041116
2011.8112194364126
1979.0844530624115
1999.5424316756735
2037.8486467623823
1970.9852533181584
2022.2501879956724
1986.5237180126885
1991.5032260035998
1977.3146279331118
1959.8563529288326
1961.8961513829408
1998.0125828350922
2088.5136407181
2000.2923575779191
2014.0609971431495
2010.4313557762805
1982.2041448157536
2004.611930774854
2028.879532971524
1954.726859757472
2018.0206059070067
2006.8617084815912
1984.9938691721075
2000.0223842531107
2019.9404162167557
1976.3547227782374
2009.8614120905738
2068.0856591409274
1947.3775859154646
1931.929112329204
1971.195232570787
1978.154544943627
2104.1120994848097
2016.610745210785
1977.4946101496507
1990.963279353983
2028.4595744662665
1982.80408553755
2016.9707096438628
1994.7729029373909
1993.2730511328996
1992.5531222667437
2021.620250237786
1978.634497521064
1988.2035520337188
2026.08980861517
1964.7758668475642
2025.0399123520262
1960.816258083707
1937.6885432584506
1994.5029296125824
2005.001892244022
2081.2243609482716
2018.1105970152762
2039.1985133864243
1942.7280453215415
2009.7714209823043
2019.8204280723962
1979.7743848924777
2007.1016847703097
2035.8688423804535
1959.8263558927426
2010.7613231732687
2029.239497404602
1994.622917756942
1967.6555823121876
2026.0298145429904
1962.2861128521085
2015.2608785867426
1975.004856154195
1925.4497525338013
1991.2032556427016
2114.251097683171
1985.6538039660836
2003.1420760064527
2006.8017144094115
1994.262953323864
1994.2929503599537
2019.0405051340608
1988.9234808998747
1994.7429059013011
2014.4809556484072
1995.0128792261096
1987.5736142758326
2031.159307714351
1989.913383090839
1956.5266819228618
1947.467577023734
1973.9549598910512
2013.431059385263
1989.4934245855814
1995.0728732982893
2089.7435191977825
2050.0574404509416
1960.3962995784495
2000.0523812892004
2022.3401791039419
1974.4049154323986
1986.1337565435208
2020.1803925054742
2010.1313854153823
2016.8807185355934
1979.6243997120284
1983.8239847646041
1993.9329859268757
2034.75895204513
1974.854870973746
2035.988830524813
1989.7034038382103
1980.8542781917113
1943.7179475125058
1971.9751555091225
2046.8177605532403
2033.5590706015369
2052.937155915565
1993.1530629885403
1953.556975349969
2021.7102413460555
1969.1554341166789
1995.8527962366247
2022.64014946484
1984.7838899194787
2023.2700872227265
2013.5810445657123
1955.6867649123467
2004.4919426304948
2030.2893936677458
1967.8055674926368
2010.3713617041008
1978.1245479075371
1935.6787418404322
1980.6742959751723
2091.6033354353517
2008.1515810334538
2008.631533610891
2011.8412164725023
1975.7547820564407
2047.6276805276657
1971.195232570787
1986.0437654352513
1994.6529147930316
2016.8207244634136
1973.115042880536
2012.2311779416702
2021.1402976603488
1991.8931874727675
1976.264731669968
2037.0087297518671
1963.0060417182644
1947.647559240273
1971.7951732925837
1989.4034334773119
2074.924983369408
2041.0883266600836
1972.5450991948294
2041.0283325879038
1988.3235401780782
1991.1132645344321
1993.6030185298878
2036.678762354879
1965.1358312806422
1993.033074844181
2023.5400605475347
1973.265028060985
1988.893483863785
2043.968042124707
1975.8147761286205
2019.370472531049
1995.5828229118163
1952.5970701950946
1953.2870020251605
1981.0042633721605
2062.7461867169386
2019.370472531049
2032.5691684105727
1978.0645538353574
1996.1827636336127
2019.370472531049
1987.7235994562816
1997.4726361854753
2027.3796811670327
1964.2059231618575
2014.6609378649462
2004.431948558315
1989.7034038382103
1990.3333415960965
2032.9291328436507
1960.30630847018
2019.340475494959
1997.4126421132958
1903.1919517551498
1990.7533001013542
2099.882517396144
2020.9603154438098
1981.244239660879
2014.9309111897546
1998.8824968816973
1985.083860280377
2020.90032137163
2005.7218211101776
1975.184838370734
2027.9796218888291
1980.9442692999808
1987.1836528066647
2036.858744571418
1944.4078793425717
2013.2210801326344
2015.1408904423834
1951.5171768958608
1957.2466107890177
1987.9035816728206
1992.9130866998216
2087.013788913608
2034.8789401894894
1990.783297137444
1989.5834156938508
2016.5507511386052
1970.9252592459786
2018.8005288453421
1995.822799200535
1999.0324820621463
2027.6196574557512
1979.6543967481182
1985.6238069299939
2039.8284511443107
2011.2112787146161
1965.8557601467978
1919.750315676734
1974.4349124684884
1988.2035520337188
1999.9323931448412
2001.6122271658714
2085.183969712129
2009.3814595131366
2013.8810149266105
1986.5537150487785
1990.1533593795575
2028.0696129970986
1998.7925057734278
2015.020902298024
2039.4684867112328
1915.5807276602482
2010.9713024258974
2022.0702057791334
1973.7149836023325
2004.4919426304948
2026.5097671204276
1966.4257038325047
2000.8922982997155
1998.912493917787
1913.2409588452417
1992.3731400502047
2102.5222565720487
2004.431948558315
2014.5409497205867
2008.271569177813
1974.4949065406681
1985.9537743269818
2029.1195092602427
1965.9157542189776
2018.2305851596354
2043.1581221502815
1957.6065752220957
1977.464613113561
2025.0099153159363
1986.25374468788
2002.8721026816443
2023.2400901866365
1981.3942248413282
1966.8156653016724
1958.8664507378683
1970.9552562820684
2081.2243609482716
2045.677873181827
1973.834971746692
2004.5819337387643
2016.250780777707
1970.9252592459786
2000.2623605418291
2031.4892751113389
1968.2255259978942
2009.2314743326874
2024.34998052196
1995.252855514828
2002.3921501042068
1985.7737921104429
1982.2341418518433
2000.802307191446
1989.2834453329526
1919.3003601353869
2005.6018329658184
1995.3128495870078
2073.4251315649167
2004.8819040996625
2034.1590113233335
1986.3737328322395
1999.7224138922124
2016.7007363190544
1978.3645241962556
2010.011397271023
2029.5994618376799
1959.466391459665
2000.622324974907
2017.6606414739288
1974.7048857932969
2008.2115751056333
2022.0702057791334
1976.084749453429
1967.745573420457
1953.736957566508
1976.7746812834948
1998.222562087721
2097.6927337615866
2016.580748174695
1979.9843641451064
2019.6404458558573
1981.9641685270349
2008.5115454665315
2023.6600486918942
1972.3651169782904
2005.691824074088
2031.5192721474286
1963.4559972596119
1999.7524109283022
2012.2011809055803
1981.0042633721605
1989.3134423690424
2013.9410089987903
1908.7414034317678
1992.4331341223844
2004.8519070635728
1993.0030778080911
2099.9725085044133
2015.170887478473
1997.712612474194
1985.7137980382633
2025.429873821194
1973.115042880536
2000.9522923718953
2026.5397641565175
1973.624992494063
2004.1319781974169
2013.4010623491733
1998.1325709794517
1989.2834453329526
2012.1411868334008
1977.6445953301
1993.4230363133488
1963.4859942957016
1949.5373725139323
1996.9326895358586
2006.3217618319743
2071.0853627499105
2016.070798561168
2023.870027944523
2008.9015069356994
1984.723895847299
2001.2522627327935
1983.2540410788974
2016.760730391234
2016.760730391234
1966.0957364355165
1996.512731030601
2028.5795626106258
1980.734290047352
1998.4925354125294
2023.3000842588162
1970.1453363076432
1969.6053896580263
1956.7666582115803
1977.2246368248423
1998.222562087721
2097.212781184149
2012.4711542303887
2013.5510475296226
1995.462834767457
1983.4340232954364
1995.5528258757265
2025.579859001643
1960.486290686719
2018.830525881432
2033.2890972767286
1952.2371057620167
2018.0206059070067
2011.5112490755143
1977.4046190413812
1998.8225028095176
2027.7696426362004
1980.5243107947233
2004.9418981718422
1969.0654430084094
1928.3894620706044
2066.975768805604
2043.8780510164374
1987.6936024201918
1994.3529444321334
2030.5293699564645
1965.7357720024386
1995.1328673704688
2020.1503954693844
1975.004856154195
2017.5406533295695
2032.4491802662135
1987.7835935284613
1983.1040558984482
2004.4019515222253
1979.1144500985013
2009.2314743326874
1920.5602356511595
1975.90476723689
1998.6125235568888
2005.4518477853692
2072.015270868695
2016.250780777707
2028.189601141458
1982.4141240683823
2000.5923279388173
2030.1394084872968
1961.176222516785
2003.9819930169679
2046.4877931562523
1953.4969812777892
1996.66271621105
2021.5002620934265
1971.6751851482243
1998.3725472681701
2030.259396631656
1995.3728436591875
2007.8516106725554
1987.7835935284613
1924.3998562706572
1966.875659373852
2082.6642186805834
2013.3110712409039
1994.2029592516842
2029.9894233068476
1970.5053007407212
2007.6716284560164
2027.7096485640207
1976.3247257421474
1992.1931578336657
2030.3793847760153
1969.5153985497568
2033.3190943128184
2006.351758868064
1958.2665100160718
1994.082971107325
2024.529962738499
1974.3149243241292
1965.0158431362827
1964.5058935227557
1978.2445360518964
2084.0140853046255
2048.3476093938216
1966.905656409942
1992.2531519058455
2038.1186200871907
1968.6754815392417
1993.6930096381573
2040.6983651909156
1974.4349124684884
1986.6737031931377
2029.7194499820391
1980.4343196864538
2002.0621827072189
2012.8311186634667
1973.9249628549612
2003.0220878620933
2028.8495359354342
1905.921682039324
1967.7755704565468
2006.3817559041538
2066.315834011628
2011.4512550033346
2066.1658488311787
1935.1387951908152
2006.9516995898607
2052.3072181576786
1951.8471442928487
1993.1530629885403
2023.6600486918942
1980.194343397735
2006.5917351567828
2019.4904606754083
1972.0351495813022
2004.1319781974169
2045.4378968931085
1969.485401513667
1889.3333210816497
2009.8914091266636
1982.2341418518433
1999.7524109283022
2102.492259535959
2020.720339155091
1980.1343493255554
2020.8703243355403
1971.1352384986074
2001.0722805162545
2016.1607896694375
1989.4334305134018
2019.4604636393183
2015.0508993341139
1950.7072569214354
2006.201773687615
2027.7096485640207
1977.3146279331118
2000.1723694335599
2022.4901642843909
1981.9341714909451
1994.7129088652114
1960.5462847588985
1940.9582201922417
2074.085066358893
2038.598572664628
2002.0021886350391
1997.9225917268227
2012.5611453386582
1977.284630897022
1985.8337861826226
2027.6196574557512
1966.365709760325
2017.600647401749
2033.7690498541658
1988.4435283224375
1974.5549006128476
2017.960611834827
1982.7140944292805
1992.9730807720014
1949.3273932613033
1956.5266819228618
1998.252559123811
2002.6621234290153
2071.685303471707
2027.6196574557512
2012.981103843916
1981.3042337330587
2008.3615602860825
2016.5207541025154
1980.2543374699148
1996.6927132471399
2045.5578850374677
1951.5771709680405
2002.7521145372848
2017.7506325821983
1972.065146617392
1993.363042241169
2041.508285165341
1983.6440025480651
1963.246018006983
1950.6472628492559
1975.0648502263748
1999.9323931448412
2107.981717140397
1990.243350487827
2004.3419574500456
2005.3018626049202
1994.3229473960434
1999.3024553869548
2032.359189157944
1959.796358856653
2010.1013883792925
2023.6600486918942
1992.6731104111032
1987.7535964923716
2016.9707096438628
1964.1759261257675
2000.832304227536
2022.61015242875
1948.5174732868782
1943.1180067907092
2007.2816669868487
1983.8839788367839
2084.2540615933444
2043.0981280781018
1971.1352384986074
2008.9015069356994
2011.061293534167
1979.5944026759387
2002.6021293568358
2019.8504251084862
1984.1539521615923
2005.2718655688302
2016.580748174695
1975.6647909481712
2001.6422242019612
2028.2195981775478
1957.9365426190836
1950.0473221274592
1977.5246071857405
1979.7443878563877
2001.1922686606138
2004.8819040996625
2066.7357925168853
2025.4598708572837
2026.2397937956193
1964.2359201979473
2038.8385489533464
2023.360078330996
1933.0390026645275
2013.7610267822513
2024.37997755805
1984.5739106668498
2000.8623012636258
2012.0211986890413
1971.3452177512363
2013.2210801326344
2019.4004695671388
1978.634497521064
2001.1322745884343
1987.5136202036529
1911.3511455715827
1992.9430837359116
2098.5926448442815
2005.9018033267166
2021.9202205986842
2001.2222656967037
1968.645484503152
2001.9121975267697
2021.080303588169
1970.4153096324517
2014.7509289732157
2037.0387267879569
1974.8848680098358
1965.3458105332709
2026.269790831709
1985.413827677365
2009.831415054484
2017.6906385100185
1982.5341122127415
1991.4132348953303
1959.436394423575
1946.3876837245004
2079.75450617987
2038.5685756285382
1980.2243404338249
2001.4622419854222
2015.170887478473
1981.784186310496
1995.1928614426486
2023.5400605475347
1968.795469683601
2011.3012698228854
2027.0497137700445
1996.1827636336127
2003.1420760064527
2000.6823190470868
1958.8664507378683
2000.982289407985
1963.9659468731388
1949.387387333483
1995.972784380984
2003.8620048726084
2071.475324219078
2022.1002028152232
2017.5406533295695
1977.8845716188184
2011.0012994619872
2017.3306740769408
1977.8545745827287
2004.3419574500456
2028.4295774301766
1969.5153985497568
1987.483623167563
2024.1699983054211
1978.1845419797166
2006.2917647958843
2031.0093225339017
1972.6350903030989
1954.5168805048434
1963.0060417182644
1977.974562727088
1998.732511701248
2127.299808382246
1971.6451881121345
1998.552529484709
2054.497001792236
1952.2671027981064
1995.1328673704688
2034.75895204513
1968.435505250523
2012.8911127356464
2002.4821412124763
1992.9430837359116
1993.902988890786
2022.4901642843909
1980.7042930112623
1981.634201130047
2026.809737481326
1984.183949197682
1929.469355369838
1995.0728732982893
1971.9751555091225
2098.9526092773594
2035.598869055645
1958.9864388822275
2016.4607600303357
2007.7916166003758
1986.1337565435208
1993.4230363133488
2022.2801850317621
1977.4946101496507
2000.5323338666376
2038.3585963759092
1952.657064267274
2002.2421649237579
2031.3092928948
1976.1447435256084
1937.2385877171032
1983.6739995841551
1975.7547820564407
1999.1824672425955
2004.971895207932
2088.9335992233573
2015.200884514563
2010.2513735597415
1978.7544856654235
1999.632422783943
2007.7616195642859
1994.1729622155945
2017.42066518521
2032.9291328436507
1937.0586055005642
2004.431948558315
2020.060404361115
1982.624103321011
2005.7518181462676
2028.5495655745358
1979.8643760007471
1994.1729622155945
1989.5234216216713
1910.961184102415
1994.0529740712352
2095.35296494658
2003.3820522951712
2000.802307191446
2046.9677457336895
1951.127215426693
2001.5822301297817
2026.2397937956193
1968.7654726475112
1991.8931874727675
2036.3787919939807
1983.9439729089636
2005.4818448214592
2001.3722508771527
1983.8239847646041
1997.1126717523975
2027.5596633835717
1934.5388544690188
1944.4678734147515
2007.581637347747
1987.153655770575
2088.5736347902794
2030.5593669925543
1983.2240440428077
2005.691824074088
2018.4405644122642
1972.1551377256615
2006.4117529402438
2050.38740784793
1950.7072569214354
1992.9130866998216
2020.1803925054742
1979.1444471345912
1985.5038187856344
2031.3692869669796
2005.001892244022
1994.6829118291214
1950.767250993615
1937.6585462223607
1993.543024457708
2006.8617084815912
2075.7649003799233
2008.991498043969
2022.61015242875
1980.734290047352
2004.821910027483
2022.5801553926603
1979.4444174954895
1997.172665824577
2026.4197760121583
1968.795469683601
2015.0808963702036
2039.078525242065
1946.2077015079615
2003.6820226560694
2020.060404361115
1974.7948769015663
2000.2623605418291
1967.9855497091755
1940.7782379757027
1993.6930096381573
2085.7239163617455
2024.4399716302296
1988.5035223946172
2024.4399716302296
1973.984956927141
1996.152766597523
2027.349684130943
1986.1337565435208
1996.4227399223314
2023.9900160888822
1971.4952029316853
1994.0529740712352
2046.0078405788151
1963.5159913317914
1997.892594690733
2017.9006177626475
1894.2828320364713
1986.1937506157005
2005.9018033267166
1991.833193400588
2073.1551582401084
2041.8982466345087
1969.0354459723196
2019.16049327842
2052.2172270494093
1967.6555823121876
1961.2962106611442
2043.608077691629
1992.2831489419352
1972.1251406895717
2026.5697611926073
1981.1542485526095
2003.2020700786322
2022.2501879956724
1967.1156356625706
2005.181874460561
2027.5296663474817
1876.4645925991142
1993.5730214937978
2007.07168773422
2072.705202698761
2026.1797997234396
2048.8575590073488
1950.0173250913695
2003.3220582229915
2005.4518477853692
1976.5946990669559
2008.1215839973638
2035.958833488723
1978.6045004849743
1986.2237476517903
2012.2911720138497
1983.1040558984482
1997.2926539689363
2026.7497434091463
1979.9543671090166
2007.5516403116571
2023.8100338723432
1911.111169282864
1958.386498160431
2105.7019423975703
1984.4539225224905
2006.711723301142
2033.9790291067945
1979.8043819285674
1991.293246750971
2022.6701465009298
1964.9258520280132
1998.072576907272
2021.5002620934265
1988.4735253585272
2025.6698501099124
2024.199995341511
1940.6282527952535
2027.139704878314
1988.7734957194257
1997.022680644128
1917.8005083308954
2026.8997285895955
1964.265917234037
2053.447105529092
2042.9481428976528
1988.8634868276952
1996.9026924997686
2021.0503065520793
1979.714390820298
2008.961501007879
2019.2204873505998
1969.305419297128
2033.9190350346148
1991.293246750971
1960.3363055062698
2010.7313261371787
2029.1795033324222
1959.8263558927426
2024.5599597745888
2015.350869695012
1906.7316020137494
1969.2154281888586
2009.4414535853161
2096.6428374984425
1995.642816983996
2013.0410979160954
1996.9026924997686
1988.533519430707
2017.780629618288
1971.7951732925837
2012.1111897973108
2018.9505140257913
1971.7651762564938
2012.1411868334008
2021.410270985157
1976.7746812834948
1991.8631904366778
2019.6104488197675
1977.5846012579202
1999.422443531314
1978.7544856654235
1926.9496043382926
1997.5026332215652
2122.560276680053
1993.3030481689893
1972.3951140143802
2025.8198352903617
2001.5822301297817
1976.4747109225966
2033.8590409624353
1967.2956178791096
2002.362153068117
2032.2392010135845
1969.2454252249483
1999.6924168561225
2015.7408311641798
1984.003966981143
2008.1815780695435
1952.2071087259267
1943.507968259877
1995.0428762621993
2006.5617381206928
1992.163160797576
2088.9335992233573
2035.1489135142979
1974.4649095045781
2001.7322153102307
2009.9214061627536
1983.1040558984482
2013.1010919882751
2032.0592187970456
1990.3333415960965
1967.925555636996
2011.6012401837838
1989.223451260773
2003.8620048726084
2008.3315632499925
1999.1824672425955
1998.7625087373378
2010.2213765236518
1975.9347642729797
1934.0888989276714
1985.8937802548023
2058.876569061351
2028.6095596467155
2016.3107748498867
2023.9000249806127
1959.3164062792157
2021.1402976603488
1965.4058046054506
1998.8225028095176
2020.390371758103
1988.9534779359647
2015.71083412809
2032.5991654466625
1939.6083535681994
2028.2795922497276
1998.6725176290684
1981.454218913508
1960.0063381092816
1961.4461958415934
1980.4943137586333
