39996.54807037053
39987.00901289397
39997.20800516451
39994.56826598861
39998.4078866081
40003.357397562926
39988.50886469846
39995.43818003521
39994.74824820515
39996.968028875795
40006.207115991456
39986.319081063906
39994.11831044726
39996.03812075701
39997.08801702015
40006.207115991456
39985.08920258422
39997.17800812842
39996.398085190085
39994.38828377207
40006.14712191928
39986.529060316534
39997.50797552541
39996.458079262266
39995.108212638224
40005.57717823357
39985.92911959474
39995.82814150438
39995.7681474322
39996.398085190085
40007.37700039896
39983.889321140625
39997.38798738105
39995.97812668483
39997.238002200604
40006.387098208
39983.40936856319
39996.218102973544
39995.79814446829
39997.028022947976
40007.167021146335
39985.89912255864
39994.47827488033
39995.13820967431
40014.72627424097
39989.948722430774
39985.11919962031
39995.58816521566
39996.42808222618
40072.980518327415
