89.3911675476838
59.87408403529425
180651.33042598036
998.2713640333453
1009.250279242222
2002.6921204651053
2008.5115454665315
2001.3722508771527
2008.451551394352
1993.8729918546962
1998.1925650516312
2007.1016847703097
1993.4230363133488
1992.2531519058455
1991.5332230396896
1988.2335490698088
1999.6624198200327
2002.0921797433086
1997.8026035824635
1999.782407964392
2000.982289407985
1998.3725472681701
2006.9816966259505
1994.442935540403
1005.9806023084309
1003.3708601686159
1996.152766597523
2022.3701761400316
1979.0844530624115
2000.0823783252904
2020.4203687941929
1980.0143611811961
1998.5825265207989
2020.5703539746419
1980.5243107947233
1996.8726954636788
2024.2299923776009
1978.9044708458725
2023.510063511445
1989.9733771630188
1987.0336676262157
1991.833193400588
2011.4512550033346
1982.474118140562
1999.3924464952242
1000.581135812262
1022.1490047608474
1987.2436468788444
2001.5822301297817
2019.4904606754083
1979.1444471345912
1999.3324524230445
2023.4800664753552
1976.4447138865069
2001.012286444075
2017.7206355461085
1979.5944026759387
1999.6624198200327
2019.4304666032285
1980.3143315420944
2002.2721619598476
2025.939823434721
1974.9148650459256
1993.7530037103368
2009.651432837945
1982.7140944292805
1000.3111624874535
1016.6595471564092
2020.8403272994503
1971.4952029316853
2001.6422242019612
2016.8207244634136
1981.1242515165197
2003.8920019086984
2012.5611453386582
1984.183949197682
1998.40254430426
2019.0705021701506
1982.984067754089
1998.1625680155414
2021.2302887686183
1974.7348828293866
2005.9318003628066
2010.701329101089
1975.724785020351
1999.422443531314
2004.4019515222253
995.7816100378898
1015.9096212541635
1996.4527369584212
2019.7904310363065
1976.9546635000338
2001.162271624524
2019.1004992062406
1975.4548116955425
2004.7319189192135
2022.2801850317621
1978.3645241962556
2000.7423131192666
2021.1702946964385
1980.6742959751723
1994.7429059013011
2023.180096114457
1976.5347049947763
2004.611930774854
2008.2415721417233
1976.744684247405
1998.8524998456073
1000.5511387761723
1029.0483230615077
1982.5041151766518
1999.7224138922124
2021.8902235625944
1978.0045597631777
1997.2026628606668
2020.4203687941929
1998.072576907272
1981.3942248413282
2018.0506029430965
1981.5742070578672
2001.88220049068
2022.160196887403
1979.35442638722
1999.9323931448412
2003.6520256199797
1981.0342604082502
2012.1711838694905
1991.3832378592406
1995.822799200535
1010.3301725414557
1003.4008572047057
2014.5709467566767
1982.2041448157536
2000.0523812892004
2021.8302294904147
1977.5546042218305
1999.3324524230445
2010.2213765236518
1993.4530333494386
2000.7423131192666
2014.6309408288562
1980.4943137586333
2001.8222064185002
2019.4604636393183
1980.4343196864538
2022.9101227896485
1993.7530037103368
1982.654100357101
1993.5730214937978
2007.1616788424894
986.8124962470315
1010.630142902354
1999.452440567404
2024.8599301354873
2000.652322010997
1974.0149539632307
2020.8703243355403
1978.3645241962556
1999.5424316756735
2016.4607600303357
1984.1539521615923
2001.4022479132427
2010.1013883792925
1985.743795074353
2000.1123753613801
2021.800232454325
1978.0945508714472
2002.1821708515781
2015.8308222724493
1984.3939284503108
1986.103759507431
1000.8811061731603
1024.1888032149557
1985.413827677365
2001.88220049068
2016.5507511386052
1980.4343196864538
2028.1296070692783
1989.4934245855814
1984.4239254864008
1997.0826747163076
2020.9903124798996
1977.824577546639
2003.9819930169679
2011.1512846424364
1987.9635757450003
1996.0927725253434
2020.5103599024624
1981.454218913508
1993.3930392772588
2001.2522627327935
1993.5130274216183
1000.7011239566214
1012.3399739594742
2015.5608489476408
1980.8242811556215
2022.3101820678519
1995.1928614426486
1983.4340232954364
2000.832304227536
2019.6404458558573
1979.3244293511302
1997.6826154381042
2022.2501879956724
1980.6742959751723
1997.892594690733
2022.160196887403
1975.364820587273
2005.7818151823574
2019.010508097971
1977.794580510549
2005.5718359297286
1988.4435283224375
993.5918264033323
1009.4602584948508
1998.4925354125294
2019.0405051340608
1983.1340529345382
2002.4221471402968
2017.0307037160424
1981.0342604082502
1997.1126717523975
2018.4105673761744
1980.9442692999808
2004.1319781974169
2007.7016254921064
1989.4634275494916
2000.2023664696496
2033.229103204549
1966.1557305076963
2002.7821115733748
2019.1304962423303
1965.5557897858996
2000.0523812892004
1009.9702081083778
1015.9096212541635
2004.4919426304948
1979.5944026759387
2019.2504843866895
2003.1420760064527
1976.924666463944
2017.810626654378
2004.791912991393
1978.3345271601659
2020.5103599024624
1977.6745923661897
2002.0021886350391
2031.159307714351
1966.6056860490437
1999.7524109283022
2013.1910830965446
1985.263842496916
2005.1218803883812
1993.2730511328996
1995.3728436591875
996.7415151927642
1013.0599028256299
2023.5400605475347
1974.7948769015663
2019.0405051340608
1995.3128495870078
1981.4842159495977
2020.5403569385521
1998.4625383764396
1982.6840973931908
2024.34998052196
1990.813294173534
1982.1441507435738
2022.8801257535586
2011.1812816785261
1984.0639610533228
1984.6339047390295
1997.0526776802178
1992.7331044832827
1999.992387217021
2001.5522330936917
995.4816396769914
1022.7189484465542
1993.0930689163606
2005.6018329658184
1991.623214147959
2001.2222656967037
2007.8216136364656
1994.1129681434147
2000.6823190470868
2047.4476983111267
1941.2281935170502
1999.1524702065058
2024.199995341511
1978.3345271601659
2000.3823486861886
2020.90032137163
1978.0045597631777
2000.8623012636258
2020.3003806498336
1968.5254963587925
1999.1824672425955
1000.5511387761723
1029.708257855484
1981.784186310496
2001.2522627327935
2021.080303588169
1976.9546635000338
1997.3826450772058
2022.64014946484
1976.924666463944
2002.9320967538238
2024.6499508828583
1973.5649984218835
1996.4827339945111
2021.410270985157
1981.3942248413282
2000.0823783252904
2017.4506622213
1982.7740885014603
1998.1325709794517
2007.0416906981302
1981.8141833465859
1000.6411298844416
1013.2098880060792
2015.530851911551
1982.444121104472
2000.0523812892004
2016.7907274273239
1981.3942248413282
1998.9724879899668
2019.7904310363065
1982.80408553755
1995.7028110561755
2023.6300516558042
1978.7544856654235
2001.162271624524
2016.7307333551441
1980.7042930112623
2001.012286444075
2017.3306740769408
1969.6053896580263
2001.6722212380512
2003.5620345117102
1004.1507831069514
1003.6408334934243
1994.3829414682232
2019.2204873505998
1986.3437357961495
1998.1925650516312
2018.7405347731626
1980.0143611811961
1999.8424020365717
2024.6499508828583
1973.9549598910512
2000.9522923718953
2021.800232454325
1978.2745330879861
2000.7123160831766
2021.2902828407978
1980.194343397735
1998.1325709794517
2002.8121086094645
1983.2540410788974
1999.7524109283022
1000.7311209927111
1022.5089691939254
1988.2035520337188
2002.1221767793986
2016.760730391234
1979.2644352789505
2001.012286444075
2020.9903124798996
1978.9344678819625
2000.652322010997
2021.7102413460555
1977.3446249692015
1998.8225028095176
2019.880422144576
1979.9843641451064
2000.2623605418291
2020.1803925054742
1968.435505250523
1998.9424909538768
2005.2118714966507
1994.592920720852
1000.1011832348248
1017.7394404556429
2008.5115454665315
1985.9537743269818
1999.3024553869548
2019.5804517836777
1978.5145093767048
2000.6823190470868
2020.240386577654
1976.5946990669559
2002.0621827072189
2015.7708282002698
1985.8637832187123
1997.4126421132958
2023.3900753670857
1977.4046190413812
1998.552529484709
2009.7414239462146
1978.9644649180523
1999.782407964392
2004.3119604139558
995.9915892905185
1012.879920609091
1997.6826154381042
2020.7803332272708
1979.9243700729266
1999.272458350865
2019.4304666032285
1977.254633860932
2000.442342758368
2024.6799479189483
1977.1346457165728
1999.092476134326
2018.5605525566236
1980.9442692999808
2000.4123457222784
2020.8403272994503
1978.5445064127946
1997.9225917268227
2006.6517292289623
1982.984067754089
1999.7524109283022
1000.581135812262
1023.1689039879016
1988.9534779359647
2000.9222953358055
2017.3606711130305
1980.044358217286
2001.0422834801648
2017.3906681491203
1978.7244886293336
2002.7821115733748
2019.700439928037
1976.054752417339
2002.1821708515781
2019.9404162167557
1981.8141833465859
1998.5225324486194
2022.790134645289
1977.794580510549
2000.472339794458
2014.6009437927664
1972.0351495813022
1009.58024663921
1004.210777179131
2013.1910830965446
1983.7639906924246
2000.832304227536
2021.3802739490673
1976.4147168504169
1999.452440567404
2020.3603747220131
1980.0143611811961
2000.5323338666376
2024.050010161062
1976.6846901752253
1998.8824968816973
2017.0007066799526
1982.7440914653705
2002.0921797433086
2001.6722212380512
1983.0740588623585
1999.962390180931
2004.6719248470338
995.6316248574406
1009.8502199640185
1998.1325709794517
2020.3603747220131
1983.5840084758856
1998.252559123811
2018.6505436648931
1980.0143611811961
2000.652322010997
2022.4901642843909
1976.7146872113153
1998.8225028095176
2021.3502769129775
1977.0446546083033
2000.2323635057394
2023.360078330996
1981.8141833465859
1998.4325413403499
2017.5406533295695
1972.6650873391886
1995.7628051283552
1000.401153595723
1026.228601669064
1981.1842455886995
2000.5923279388173
2022.3101820678519
1978.3645241962556
2004.0719841252373
2018.2905792318152
1978.154544943627
1999.7224138922124
2021.1702946964385
1977.824577546639
2006.1117825793456
2018.0206059070067
1974.5848976489376
2001.4322449493325
2019.4004695671388
1978.844476773693
1999.0024850260565
2006.7417203372318
1983.4340232954364
1000.401153595723
1013.0898998617198
2017.5406533295695
1980.5843048669028
1999.1824672425955
2022.2801850317621
1976.9846605361236
2003.082081934273
2018.2305851596354
1977.794580510549
1999.0024850260565
2020.8703243355403
1980.7642870834418
2000.14237239747
2018.980511061881
1981.1542485526095
1996.3927428862416
2021.950217634774
1974.1349421075902
1993.4830303855283
2008.271569177813
992.091974598841
1011.680039165498
1998.4325413403499
2026.2997878677988
1970.4453066685414
2002.5721323207458
2026.599758228697
1975.1248442985543
1998.2825561599007
2018.9505140257913
1980.044358217286
2002.902099717734
2016.2807778137967
1979.2344382428607
2002.0921797433086
2023.7200427640737
1981.4842159495977
1982.83408257364
2013.5510475296226
1985.1438543525564
1999.7524109283022
1009.760228855749
1019.7792389097511
1983.4940173676162
1997.352648041116
2020.8103302633606
1980.044358217286
2000.0223842531107
2017.6606414739288
1981.4842159495977
2000.2323635057394
2022.5501583565706
1975.1248442985543
2000.622324974907
2020.4503658302826
1979.534408603759
1998.072576907272
2022.3101820678519
1979.6543967481182
1999.092476134326
2013.641038637892
1975.0348531902848
1000.5511387761723
1009.8802170001084
2016.7907274273239
1984.1239551255023
2001.2522627327935
2019.2504843866895
1979.3844234233097
1997.6526184020142
2020.0304073250252
1981.424221877418
1999.782407964392
2022.4901642843909
1978.6045004849743
1993.8729918546962
2021.590253201696
1979.3844234233097
2002.0621827072189
2007.7016254921064
1980.2843345060046
1999.5724287117632
2004.101981161327
996.4115477957761
1012.2799798872944
1997.3826450772058
2017.780629618288
1983.164049970628
1999.242461314775
2021.1402976603488
1978.9044708458725
1998.0125828350922
2025.5198649294634
1976.1147464895187
1997.1426687884873
2023.360078330996
1978.994461954142
1996.332748814062
2027.7696426362004
1976.4447138865069
1996.9326895358586
2006.4117529402438
1982.7140944292805
1999.8723990726614
1000.3411595235434
1026.7685483186808
1980.2243404338249
2003.8320078365186
2016.6407422468747
1982.654100357101
2000.3523516500986
2020.0904013972047
1979.3244293511302
1998.6725176290684
2024.0800071971516
1979.6543967481182
1996.2127606697027
2019.3104784588693
1978.814479737603
2000.8623012636258
2021.620250237786
1977.824577546639
1989.5234216216713
2012.6811334830174
1986.4037298683293
1000.5511387761723
1013.3298761504384
2012.981103843916
1983.1940470067177
2002.0321856711291
2018.7705318092524
1978.3345271601659
2001.702218274141
2018.4705614483541
1979.6843937842082
2001.8522034545902
2021.5302591295165
1975.7847790925307
1998.7625087373378
2024.4399716302296
1975.6947879842612
1995.252855514828
2009.321465440957
1984.8738810277482
1999.782407964392
2004.7019218831235
1005.1106882618259
1002.2609698332923
1999.6624198200327
2021.1702946964385
1976.2947287060576
2005.6318300019082
2022.160196887403
1971.4952029316853
2000.5923279388173
2020.060404361115
1980.6143019029928
2002.1521738154884
2020.5403569385521
1975.544802803812
2001.88220049068
2016.070798561168
1982.7440914653705
2000.4123457222784
2019.4904606754083
1967.5355941678283
1999.5724287117632
1000.8511091370705
1022.8689336270033
1988.4135312863477
2002.1221767793986
2020.1203984332947
1977.61459829401
1999.1524702065058
2019.6104488197675
1977.254633860932
2003.7420167282492
2024.4999657024093
1975.2448324429138
1994.592920720852
2019.8204280723962
1982.1441507435738
2000.4123457222784
2020.0004102889352
1979.4444174954895
2000.652322010997
2011.3312668589754
1976.264731669968
1001.0310913536094
1012.3099769233843
2017.0607007521323
1980.1043522894656
1998.6125235568888
2022.970116861828
1979.894373036837
1997.2926539689363
2021.980214670864
1978.484512340615
2001.3122568049732
2020.6603450829114
1979.5644056398487
2001.3722508771527
2017.990608870917
1975.1248442985543
2001.7622123463207
2011.9612046168618
1977.1646427526625
1999.782407964392
2004.2219693056863
995.8416041100694
1010.9001162271625
1999.3924464952242
2019.4004695671388
1980.7642870834418
2000.2923575779191
2016.7007363190544
1983.9439729089636
1999.7224138922124
2021.2902828407978
1978.5445064127946
1997.1426687884873
2022.7301405731096
1976.264731669968
2001.4922390215122
2017.1506918604018
1983.853981800694
1995.6728140200858
2005.001892244022
1985.263842496916
1999.812405000482
1001.2410706062382
1031.1781126238852
1977.3446249692015
1999.4824376034937
2028.4295774301766
1973.475007313614
1998.7625087373378
2019.5804517836777
1980.5243107947233
2001.1922686606138
2015.0508993341139
1984.2739403059516
1997.6526184020142
2023.0901050061875
1978.1245479075371
1999.1524702065058
2020.5703539746419
1981.3042337330587
1991.1732586066116
2008.9015069356994
1985.6538039660836
1009.9102140361981
1006.4605548858681
2014.4809556484072
1978.0345567992676
2002.5121382485663
2019.16049327842
1982.5041151766518
1995.612819947906
2021.4702650573367
1978.2445360518964
2001.5522330936917
2021.7102413460555
1975.6347939120815
2000.1123753613801
2021.5602561656062
1980.194343397735
1991.833193400588
2012.951106807826
1982.5041151766518
1999.7524109283022
2003.5020404395304
996.8915003732134
1012.3399739594742
2000.8922982997155
2017.0007066799526
1980.8242811556215
1999.992387217021
2018.8905199536116
1981.9341714909451
1999.452440567404
2022.3101820678519
1974.2249332158597
1999.8723990726614
2019.0405051340608
1981.1242515165197
2000.3823486861886
2020.9303184077198
1978.844476773693
1998.40254430426
2020.5103599024624
1969.665383730206
1998.9724879899668
1000.4911447039925
1027.7584505096452
1981.6941952022264
1999.7524109283022
2024.4099745941398
1978.0945508714472
1996.3927428862416
2023.5700575836247
1977.3446249692015
1999.5724287117632
2023.4500694392652
1975.1548413346443
2002.0321856711291
2019.340475494959
1978.7544856654235
1998.3125531959904
2020.6003510107319
1978.7844827015133
1991.44323193142
2009.7414239462146
1989.373436441222
1000.401153595723
1014.5897516662111
2012.5011512664785
1982.624103321011
2000.8922982997155
2020.4203687941929
1978.9644649180523
2000.2323635057394
2025.6698501099124
1972.605093267009
2001.5822301297817
2020.390371758103
1977.104648680483
1999.782407964392
2021.1402976603488
1983.2540410788974
1998.2825561599007
2013.0710949521854
1973.3250221331648
1999.422443531314
2006.1117825793456
994.2517611973086
1011.9200154542166
1997.9525887629127
2019.5804517836777
1978.994461954142
1999.5124346395835
2021.590253201696
1977.6745923661897
2003.412049331261
2020.390371758103
1977.4946101496507
2001.342253841063
2023.4500694392652
1975.0948472624646
2001.4022479132427
2019.2504843866895
1978.5445064127946
1999.6624198200327
2012.6811334830174
1976.1747405616984
1999.4824376034937
1009.8802170001084
1015.6396479293551
1986.7636943014072
1997.2626569328465
2021.3802739490673
1979.3844234233097
1999.9323931448412
2018.2605821957254
1981.6941952022264
1997.4426391493855
2022.1002028152232
1978.454515304525
2000.2023664696496
2019.9104191806657
1979.8643760007471
2002.9620937899138
2020.8403272994503
1966.7856682655827
1997.712612474194
2006.0817855432556
1993.363042241169
1000.761118028801
1011.500056948959
2015.5008548754613
1979.6843937842082
2004.641927810944
2022.7001435370196
1996.9326895358586
1976.0247553812492
2024.9799182798465
1980.2243404338249
1996.2127606697027
2017.9006177626475
1984.4239254864008
1998.1625680155414
2020.3303776859234
1978.2745330879861
2002.6321263929256
2029.7794440542189
1955.9267412010652
1999.8424020365717
2006.0517885071658
993.9517908364103
1011.1700895519709
1999.782407964392
2022.4301702122111
1976.3847198143271
1999.3024553869548
2018.6805407009829
1981.7541892744061
2001.2822597688833
2023.1201020422773
1976.2947287060576
1994.8328970095706
2023.9300220167027
1977.8545745827287
2002.1521738154884
2017.5106562934795
1981.1842455886995
2003.0220878620933
2019.2204873505998
1974.1049450715002
1991.5332230396896
1000.581135812262
1033.2779051501732
1975.4248146594527
2001.2222656967037
2022.2501879956724
1980.4043226503638
1996.8726954636788
2023.000113897918
1974.7648798654766
2001.6122271658714
2021.3202798768878
1979.6843937842082
2002.5121382485663
2019.520457711498
1975.2148354068238
2024.1100042332416
1984.3939284503108
2005.3018626049202
1977.5246071857405
2008.7515217552502
1990.273347523917
1002.1109846528432
999.9511980543757
2018.8605229175218
1989.4334305134018
1997.6826154381042
2019.8204280723962
1979.714390820298
2000.832304227536
2023.3000842588162
1976.6246961030458
2022.4901642843909
1995.6728140200858
1980.7942841195318
1999.5724287117632
2019.4904606754083
1978.9344678819625
2001.0422834801648
2019.700439928037
1972.1251406895717
1996.4227399223314
2009.801418018394
1000.761118028801
1008.0204007625391
1991.5032260035998
2018.6805407009829
1984.183949197682
1996.2127606697027
2019.7304369641267
1980.8542781917113
1998.2825561599007
2023.0901050061875
1974.5549006128476
2004.101981161327
2020.9303184077198
1979.2644352789505
1997.3226510050263
2022.5201613204806
1979.5944026759387
1998.3725472681701
2023.4500694392652
1965.49579571372
1998.9424909538768
1000.9111032092501
1034.1178221606883
1976.4747109225966
1998.072576907272
2019.370472531049
1982.8640796097297
1999.2124642786853
2019.8204280723962
1978.5445064127946
2000.982289407985
2020.5703539746419
1979.1444471345912
1998.4625383764396
2019.520457711498
1981.244239660879
2001.5822301297817
2010.9413053898077
1975.4848087316323
1999.422443531314
2005.6318300019082
1993.723006674247
1000.581135812262
1013.6298465113367
2014.9309111897546
1980.6143019029928
2002.1221767793986
2016.9707096438628
1981.6941952022264
2000.2623605418291
2024.0200131249721
1978.304530124076
1996.7527073193196
2017.0307037160424
1982.444121104472
1998.222562087721
2011.7512253642328
1987.7835935284613
2004.3419574500456
2018.7705318092524
1976.8646723917643
1994.0229770351452
2008.5715395387112
986.9324843913909
1013.3298761504384
1996.6027221388704
2019.7304369641267
2003.9819930169679
1976.054752417339
2017.5706503656593
1981.0042633721605
1999.992387217021
2021.7402383821452
1980.4043226503638
2001.4322449493325
2023.7800368362534
1971.195232570787
2023.8100338723432
1992.9430837359116
1983.853981800694
1997.712612474194
2006.4717470124233
1984.0639610533228
1000.5511387761723
1016.5395590120498
993.8018056559612
