48.89516882641765
16.798340210302996
11.908823327661231
133.93676614107656
34.88655297246854
99.0202161325182
128.11734113965016
135.2266386929391
143.59581176200078
139.54621188987417
152.83489887766743
143.32583843719235
141.97597181315015
141.4660221996231
106.03952257753767
32.606778229641705
25.557474748532414
25.167513279364666
24.897539954556226
25.257504387634146
24.65756366583761
24.77755181019692
24.447584413208826
26.187412506418777
26.307400650778085
28.347199104886307
110.80905131582011
134.5367068628731
149.47523083560685
147.885387922846
150.43513599048129
141.19604887481464
151.75500557843367
149.02527529425944
136.48651420871184
140.53611408083844
138.5863067349997
156.13457284754838
146.0555687213666
142.87588289584494
143.08586214847372
148.12536421156463
126.34751601035039
55.674498982718504
28.46718724924561
27.65726727482029
28.197213924437172
110.92903946017942
131.7469825065192
149.5352249077865
139.75619114250296
141.97597181315015
151.63501743407437
151.39504114535575
128.20733224791965
149.74520416041528
138.97626820416747
144.73569913341422
146.0555687213666
143.1758532567432
147.01547387624103
153.82480106863173
204.75976834915758
170.23317980976697
94.25068739423574
32.9367456266298
28.437190213155787
29.54708054847938
137.4464193635863
136.24653791999322
151.9049907588828
134.6266979711426
148.12536421156463
151.06507374836767
164.23377259180162
142.57591253494667
156.22456395581787
152.14496704760143
149.38523972733736
143.8357880507194
138.97626820416747
144.4057317364261
128.837270005806
151.3350470731761
93.5307585280799
31.586879002587597
25.917439181610337
28.31720206879648
28.167216888347344
116.35850299243808
149.59521897996615
176.71253960516955
134.0567542854359
143.1458562206534
144.13575841161767
146.2055539018157
153.73480996036224
172.87291898567173
143.35583547328218
155.89459655882976
170.4731560984856
183.2518934727518
149.92518637695423
155.68461730620098
138.73629191544885
151.48503225362523
111.52898018197597
34.91655000855837
27.927240599628732
31.2569116055995
134.206739465885
142.1559540296891
154.51473289869773
135.13664758466965
155.3546499092129
150.28515081003215
141.55601330789256
135.91657052300513
150.70510931528975
147.8553908867562
160.60413122493256
146.44553019053433
157.00448689415336
167.26347323687412
118.60828069917508
36.086434416061614
26.967335444754273
28.437190213155787
25.557474748532414
26.757356192125485
28.37719614097613
124.27772052015234
173.3828685991988
146.11556279354625
147.6454116341274
145.5156220717497
149.02527529425944
126.88746265996727
144.07576433943802
168.19338135565874
186.85153780353102
132.3169261922259
139.75619114250296
132.25693212004626
150.04517452131356
147.82539385066636
160.30416086403432
152.20496111978107
153.94478921299103
89.99110826948034
37.04633957093607
29.69706572892851
100.52006793700953
150.61511820702026
188.35138960802234
176.14259591946285
147.7653997784867
145.57561614392935
147.25545016495965
138.1063541575625
139.576208925964
149.95518341304407
173.32287452701914
176.2025899916425
134.86667425986118
143.0558651123839
156.85450171370422
135.94656755909497
153.40484256337413
109.75915505267618
35.00654111682785
28.6771665018744
29.42709240412007
109.90914023312531
149.0852693664391
155.86459952273995
150.97508264009818
145.45562799957005
166.5735414068081
147.73540274239687
145.30564281912092
145.84558946873778
144.82569024168367
134.59670093505275
148.75530196945098
159.25426460089037
165.25367181885574
133.36682245536986
157.48443947159058
134.56670389896294
73.88269988924336
31.226914569509677
27.867246527449076
26.93733840866445
104.32969152041754
146.23555093790554
136.27653495608305
155.05467954831462
154.1547684656198
158.56433277082436
143.9557761950787
169.363265763162
151.60502039798453
142.00596884923996
151.09507078445748
145.30564281912092
129.4072136915127
157.064480966333
158.71431795127347
179.05230842017605
145.12566060258195
113.05882902255713
38.99614691677481
29.78705683719799
28.347199104886307
108.19930917600519
140.8060874056469
152.38494333632005
148.48532864464255
141.94597477706031
143.98577323116854
155.05467954831462
154.39474475433843
162.25396820987305
144.58571395296508
157.66442168812955
154.21476253779946
149.89518934086442
145.99557464918692
139.30623560115555
133.66679281626813
155.9545906310094
131.35702103735147
37.88625658145122
29.51708351238955
29.937042017647126
121.81796356078655
154.66471807914687
152.3549463002302
146.23555093790554
140.2361437199402
152.1149700115116
154.6947151152367
155.8346024866501
149.89518934086442
158.71431795127347
168.40336060828753
149.41523676342717
152.4449374084997
127.87736485093156
143.68580287027027
145.6056131800192
107.0894188406816
35.60648183862438
28.227210960527
27.327299877832196
29.307104259760763
128.74727889753655
143.0558651123839
165.64363328802347
132.9468639501123
159.10427942044123
139.06625931243696
135.1966416568493
138.76628895153868
157.54443354377025
158.11437722947696
148.06537013938498
151.15506485663713
174.76273225933082
171.5230523616295
147.3154442371393
64.01367501569034
30.386997558994526
25.017528098915534
25.52747771244259
26.787353228215313
27.537279130460984
111.76895647069458
139.84618225077244
147.91538495893585
144.4057317364261
130.54710106292615
156.22456395581787
163.63383187000508
180.7021454051165
170.5031531345754
132.7368846974835
148.27534939201377
147.01547387624103
145.42563096348022
145.9655776130971
153.73480996036224
142.75589475148564
136.36652606435254
111.58897425415562
33.38670116797721
27.35729691392202
26.9973324808441
117.37840221949219
159.82420828659707
174.4027678262529
151.18506189272696
146.98547684015122
140.53611408083844
146.6255124070733
132.82687580575296
151.27505300099645
179.32228174498448
160.48414308057326
130.33712181029736
134.86667425986118
142.39593031840772
140.32613482820966
151.60502039798453
146.50552426271398
115.66857116237206
42.055844597937146
28.49718428533544
28.28720503270665
113.26880827518592
158.32435648210574
143.385832509372
158.20436833774642
152.89489294984708
141.79598959661118
147.37543830931895
155.98458766709925
137.65639861621509
152.6849136972183
155.41464398139254
185.35168599903966
182.4719705344163
139.93617335904193
137.47641639967614
144.9756754221328
109.39919061959826
33.02673673489928
39.86606096337979
29.187116115401455
29.9070449815573
107.02942476850194
137.3564282553168
150.28515081003215
147.25545016495965
153.94478921299103
148.8752901138103
147.13546202060036
161.7740156324358
170.32317091803645
147.94538199502568
150.2251567378525
142.99587104020426
144.3757347003363
146.14555982963606
147.91538495893585
145.69560428828865
107.0894188406816
37.556289184463125
28.077225780077864
27.597273202640636
26.877344336484793
120.01814139539694
160.99409269410032
134.6566950072324
141.136054802635
142.90587993193478
153.0448781302962
157.0344839302432
141.88598070488067
151.54502632580488
161.6540274880765
145.90558354091746
148.15536124765447
142.39593031840772
141.4660221996231
127.9373589231112
123.79776794271511
37.22632178747503
27.957237635718556
27.11732062520341
28.077225780077864
29.487086476299723
136.24653791999322
145.9655776130971
164.6537310970592
148.36534050028325
155.29465583703322
144.34573766424646
148.18535828374428
151.12506782054732
150.97508264009818
154.9046943678655
144.945678386043
160.84410751365118
151.9949818671523
139.54621188987417
144.6157109890549
136.3065319921729
74.2726613584111
30.207015342455566
25.58747178462224
30.117024234186086
29.007133898862495
114.49868675486881
137.71639268839473
141.31603701917396
178.21239140966088
161.744018596346
137.83638083275406
147.0754679484207
169.69323316015007
154.27475660997914
141.91597774097048
140.56611111692828
149.50522787169666
151.12506782054732
152.0249789032421
155.98458766709925
141.136054802635
106.75945144369351
36.98634549875642
27.35729691392202
26.84734730039497
27.597273202640636
116.89844964205496
158.59432980691417
175.15269372849855
141.07606073045534
152.3549463002302
144.3757347003363
154.42474179042824
131.59699732607007
146.26554797399538
168.2533754278384
132.7668817335733
159.2842616369802
145.21565171085143
142.84588585975513
140.71609629737742
148.3053464281036
152.98488405811656
154.1547684656198
100.01011832348247
35.15652629727698
28.647169465784575
107.44938327375952
149.62521601605596
154.7847062235062
139.45622078160469
149.92518637695423
143.23584732892286
140.2361437199402
138.49631562673022
127.6973826343926
154.54472993478757
166.7835206594369
183.1619023644823
158.2943594460159
135.13664758466965
133.8767720688969
145.81559243264797
35.48649369426508
25.97743325378999
24.417587377119
27.29730284174237
29.81705387328782
109.51917876395757
143.53581768982113
148.66531086118152
151.09507078445748
149.14526343861874
163.84381112263387
140.4761200086588
150.5551241348406
180.8221335494758
144.01577026725838
143.385832509372
148.5153256807324
142.39593031840772
133.69678985235794
148.3053464281036
163.4238526173763
178.93232027581672
130.7270832794651
70.34304963064379
33.05673377098911
28.347199104886307
105.70955518054957
146.77549758752244
142.54591549885686
149.23525454688823
139.36622967333523
150.07517155740337
155.17466769267392
155.77460841447046
144.19575248379732
155.98458766709925
146.77549758752244
182.89192903967387
162.8839059677594
145.45562799957005
138.85628005980817
145.78559539655814
135.97656459518478
97.16039989494894
34.01663892586357
29.60707462065903
30.027033125916606
117.97834294128872
167.62343766995204
145.36563689130057
141.2560429469943
156.07457877536874
143.8357880507194
142.24594513795859
161.38405416326808
159.13427645653107
145.5156220717497
154.84470029568584
156.52453431671614
156.4945372806263
148.9952782581696
142.96587400411443
151.4250381814456
152.50493148067935
65.48352978409186
30.327003486814874
29.96703905373695
28.40719317706596
111.28900389325734
127.96735595920104
186.6415585509022
136.48651420871184
143.44582658155164
178.542358806649
148.5153256807324
139.03626227634712
144.13575841161767
149.5652219438763
149.0852693664391
154.06477735735032
147.73540274239687
147.19545609278
171.76302865034813
161.62403045198667
36.386404776959886
28.827151682323535
25.557474748532414
27.11732062520341
28.917142790593015
120.40810286456468
176.68254256907971
149.14526343861874
149.9851804491339
140.56611111692828
142.27594217404842
134.9866624042205
148.27534939201377
178.36237659011002
171.82302272252778
130.5171040268363
140.32613482820966
145.30564281912092
148.27534939201377
148.21535531983412
150.40513895439148
153.1348692385657
147.13546202060036
78.38225530271737
29.60707462065903
27.777255419179596
104.32969152041754
142.57591253494667
170.44315906239575
163.993796303083
149.95518341304407
152.53492851676916
141.5860103439824
146.77549758752244
130.397115882477
150.16516266567285
164.7737192414185
178.24238844575072
148.03537310329514
143.8357880507194
149.9851804491339
141.0460636943655
62.3938350668397
28.347199104886307
26.427388795137393
26.757356192125485
27.327299877832196
109.24920543914912
152.32494926414037
146.98547684015122
142.21594810186875
152.86489591375727
149.14526343861874
151.84499668670315
149.445233799517
173.68283896009706
142.695900679306
152.564925552859
146.23555093790554
139.42622374551487
126.49750119079953
150.135165629583
164.53374295269987
114.76866007967726
35.30651147772612
25.827448073340857
27.56727616655081
27.35729691392202
127.78737374266208
144.82569024168367
148.48532864464255
135.70659127037635
149.86519230477458
152.41494037240986
161.41405119935789
140.83608444173672
153.1348692385657
154.60472400696722
169.18328354662304
153.94478921299103
153.34484849119448
141.22604591090447
140.26614075603
137.326431219227
104.02972115951927
34.9465470446482
28.167216888347344
27.65726727482029
28.167216888347344
117.46839332776166
160.87410454974102
145.15565763867178
154.42474179042824
146.32554204617503
146.56551833489365
143.41582954546183
146.38553611835468
149.5652219438763
162.37395635423235
144.79569320559386
152.29495222805056
156.97448985806352
158.8643031317226
139.8161852146826
78.02229086963945
31.886849363485865
26.187412506418777
27.08732358911358
29.397095368030243
31.076929389060542
106.45948108279524
148.18535828374428
149.1152664025289
126.9174596960571
175.48266112548666
180.49216615248773
132.64689358921402
147.91538495893585
149.68521008823564
158.14437426556677
156.16456988363822
144.13575841161767
144.1657554477075
152.92488998593691
154.7847062235062
149.0852693664391
154.6947151152367
112.09892386768267
33.626677456695816
27.777255419179596
26.517379903406873
125.2376256750268
150.43513599048129
173.98280932099533
148.03537310329514
145.36563689130057
150.135165629583
145.0656665304023
138.28633637410144
149.83519526868477
167.20347916469447
168.52334875264685
127.12743894868589
135.94656755909497
141.40602812744342
152.6849136972183
151.96498483106245
152.4449374084997
144.88568431386335
72.26285994039272
32.39679897701292
27.807252455269424
117.85835479692942
150.34514488221183
150.64511524311007
155.41464398139254
145.99557464918692
148.06537013938498
146.53552129880381
145.90558354091746
133.9667631771664
147.4054353454088
159.13427645653107
180.16219875549965
181.06210983819443
155.20466472876376
134.6266979711426
135.49661201774757
69.41314151185917
29.307104259760763
25.377492531993454
26.9973324808441
28.28720503270665
108.46928250081363
147.46542941758844
140.4761200086588
138.91627413198782
153.1048722024759
149.35524269124753
148.03537310329514
147.16545905669017
161.50404230762737
149.23525454688823
135.16664462075946
138.73629191544885
138.49631562673022
142.33593624622807
163.51384372564576
150.01517748522372
101.35998494752468
36.86635735439711
27.20731173347289
27.08732358911358
28.917142790593015
149.86519230477458
149.47523083560685
144.82569024168367
172.78292787740224
149.47523083560685
150.73510635137956
160.45414604448345
149.35524269124753
162.67392671513062
146.35553908226484
157.8144068685787
156.55453135280595
154.39474475433843
153.37484552728432
142.1259569935993
143.59581176200078
148.4253345724629
66.02347643370874
47.815275527183886
29.127122043221803
32.156822688294305
131.7169854704294
165.28366885494555
140.05616150340123
162.4039533903222
146.80549462361225
152.29495222805056
146.6555094431631
145.7256013243785
143.1458562206534
150.58512117093042
169.4832539075213
142.00596884923996
141.07606073045534
154.30475364606895
149.6552130521458
74.4826406110399
33.356704131887376
25.377492531993454
24.20760812449021
27.507282094371156
26.967335444754273
129.76717812459066
151.51502928971505
146.0555687213666
144.82569024168367
144.4057317364261
129.76717812459066
148.69530789727133
172.7229338052226
186.4015822621836
130.87706845991423
136.39652310044235
138.6762978432692
141.10605776654518
149.7752011965051
157.064480966333
156.9444928219737
150.64511524311007
118.03833701346838
32.546784157462056
27.237308769562716
27.02732951693393
109.9991313413948
141.3760310913536
148.27534939201377
177.13249811042712
139.9061763229521
147.61541459803757
154.54472993478757
143.1458562206534
131.53700325389042
149.26525158297804
160.5141401166631
160.45414604448345
134.29673057415448
146.98547684015122
149.32524565515772
152.3549463002302
97.73034358065564
30.896947172521582
27.327299877832196
26.72735915603566
28.017231707898212
120.37810582847486
152.92488998593691
146.8354916597021
155.41464398139254
153.2248603468352
145.48562503565987
152.53492851676916
178.42237066228967
151.15506485663713
142.45592439058737
144.04576730334819
145.30564281912092
129.58719590805168
147.13546202060036
170.17318573758732
160.5441371527529
85.07159435074874
32.18681972438414
25.377492531993454
28.077225780077864
27.927240599628732
119.41820067360041
136.06655570345427
142.21594810186875
143.385832509372
151.09507078445748
150.25515377394234
153.88479514081138
147.5254234897681
151.2450559649066
142.18595106577894
161.1140808384596
176.53255738863058
140.74609333346726
140.98606962218585
148.63531382509169
141.40602812744342
144.9756754221328
85.7015321086351
33.086730807078936
28.977136862772667
30.776959028162274
103.00982193246516
161.32406009108843
143.56581472591097
151.69501150625402
143.41582954546183
136.60650235307114
154.6947151152367
157.6044276159499
152.53492851676916
157.2744602189618
145.54561910783954
140.446122972569
170.17318573758732
151.96498483106245
147.37543830931895
138.76628895153868
44.78557488211138
28.017231707898212
27.537279130460984
28.197213924437172
29.33710129585059
109.15921433087965
145.33563985521073
131.68698843433955
153.07487516638605
189.79124734033402
149.83519526868477
132.52690544485472
153.7048129242724
170.89311460374316
142.24594513795859
146.23555093790554
151.15506485663713
150.58512117093042
158.3843505542854
137.4464193635863
143.62580879809062
135.8565764508255
32.96674266271963
24.77755181019692
27.717261346999944
30.806956064252102
115.09862747666534
151.69501150625402
184.30178973589574
150.46513302657112
155.86459952273995
141.61600738007223
143.08586214847372
143.68580287027027
158.0543831572973
162.46394746250184
148.63531382509169
136.72649049743046
148.03537310329514
138.5563096989099
151.54502632580488
144.3757347003363
152.74490776939797
154.1547684656198
79.07218713278338
32.156822688294305
26.93733840866445
120.04813843148676
140.14615261167071
148.5153256807324
160.60413122493256
163.5438407617356
153.88479514081138
151.39504114535575
144.67570506123457
139.18624745679625
138.43632155455057
149.14526343861874
179.74224025024205
189.82124437642386
135.43661794556792
137.26643714704733
209.34931487090108
130.09714552157874
57.324335967658975
75.86250427117193
49.67509176475315
46.31542372269254
111.82895054287422
148.75530196945098
149.23525454688823
141.07606073045534
147.58541756194776
149.9851804491339
159.07428238435142
155.77460841447046
141.10605776654518
157.66442168812955
150.8850915318287
132.91686691402245
143.59581176200078
154.7847062235062
128.5972937170874
157.45444243550077
151.84499668670315
68.9931830066016
29.42709240412007
29.757059801108163
29.81705387328782
140.8060874056469
149.9851804491339
139.96617039513174
160.33415790012413
152.4449374084997
145.36563689130057
143.02586807629407
158.20436833774642
148.8752901138103
145.12566060258195
155.80460545056027
154.9346914039553
153.0448781302962
148.60531678900185
144.46572580860575
143.8357880507194
142.695900679306
85.04159731465892
30.08702719809626
29.397095368030243
29.067127971042147
144.76569616950403
168.0133991391198
131.47700918171077
147.3154442371393
169.87321537668905
133.45681356363934
152.83489887766743
138.52631266282006
144.58571395296508
156.07457877536874
143.44582658155164
143.35583547328218
142.87588289584494
147.13546202060036
149.29524861906788
80.93200337035265
30.626973847713142
25.7674540011612
25.97743325378999
26.72735915603566
27.777255419179596
124.75767309758957
152.0249789032421
144.07576433943802
147.55542052585793
140.89607851391636
139.93617335904193
153.07487516638605
164.86371034968798
181.482068343452
142.695900679306
134.86667425986118
145.24564874694127
150.34514488221183
146.89548573188173
159.4042497813395
156.46454024453647
140.41612593647915
144.9756754221328
59.96407514356373
30.956941244701234
28.04722874398804
108.22930621209501
154.7847062235062
147.34544127322914
174.3127767179834
149.83519526868477
148.63531382509169
141.76599256052137
140.3561318642995
132.64689358921402
146.0555687213666
165.28366885494555
175.78263148638493
131.087047712543
141.31603701917396
141.22604591090447
146.89548573188173
94.94061922430176
31.736864183036733
27.417290986101676
56.51441599323365
46.19543557833324
122.53789242694239
