18249.02687264311
33368.58295817895
34150.18573053548
32063.411917910587
34874.16419656345
28866.837761070376
36074.22562237306
34665.35482834216
33751.97507644303
34570.65418540658
34884.42318290617
32538.354990320815
29591.026206350973
34690.762317910245
34542.90692702349
32544.474385683137
32518.07699392409
30890.07785125701
31648.942870257448
32442.09450150856
36299.38337526329
31005.746422419383
35656.12693335305
34259.91488855206
33712.199006587914
31270.230289623385
35785.92410851373
31573.920282996794
32664.852491511614
32406.308037453397
29844.14119687693
34729.03853596086
35759.1667523216
31620.835647441283
32292.91924103385
33691.471054649846
29787.11683127017
34926.41903343192
32315.14704477641
32203.678058666617
33994.531110265365
31332.654121726315
33044.79495062536
36000.22293433945
32366.202000201298
33679.56223132218
33937.41675355034
29892.67640127027
35494.32292068452
32219.426502613776
32153.972969865772
