41.965853489667666
12.238790724649325
7.979211599893923
130.1571395937584
32.96674266271963
78.35225826662754
111.7989535067844
116.17852077589912
124.42770570060148
119.77816510667833
129.97715737721944
122.95785093219996
122.74787167957118
121.57798727206793
100.91002940617729
31.01693531688089
24.32759626884952
23.727655547052983
23.667661474873327
24.02762590795125
23.427685186154715
23.487679258334367
23.217705933525927
24.807548846286746
25.077522171095186
26.877344336484793
90.77103120781584
118.968245132253
129.64718998023133
128.29732335618914
129.19723443888392
123.5577916539965
132.10694693959712
129.97715737721944
117.76836368865993
122.38790724649326
120.40810286456468
137.4464193635863
126.82746858778762
124.4577027366913
123.64778276226598
128.837270005806
109.27920247523896
52.914771662454434
27.237308769562716
26.367394722957737
26.967335444754273
93.71074074461886
115.09862747666534
131.47700918171077
118.78826291571404
124.12773533970321
130.2771277381177
131.7469825065192
111.43898907370648
128.8072729697162
121.96794874123569
125.47760196374541
128.65728778926706
123.31781536527788
125.74757528855386
136.27653495608305
180.4621691163979
147.01547387624103
90.11109641383965
31.646873074767253
27.02732951693393
28.107222816167692
110.02912837748462
117.52838739994132
132.9468639501123
117.2884111112227
128.2373292840095
133.06685209447159
137.5364104718558
122.50789539085257
136.5465082808915
133.00685802229194
128.98725518625514
127.0374478404164
121.36800801943915
128.05734706747052
111.13901871280821
130.78707735164477
89.60114680031259
29.667068692838683
24.68756070192744
27.057326553023753
26.93733840866445
90.65104306345653
128.95725815016533
152.0249789032421
117.64837554430062
125.14763456675732
124.99764938630818
123.52779461790668
132.0769499035073
148.9652812220798
125.32761678329628
135.40662090947808
149.83519526868477
159.43424681742934
131.0570506764532
134.206739465885
119.05823624052249
131.20703585690234
106.06951961362749
33.086730807078936
26.72735915603566
29.99703608982678
106.93943366023247
122.92785389611014
134.29673057415448
118.45829551872595
134.5367068628731
131.65699139824974
123.22782425700841
115.84855337891102
129.3772166554229
129.8271721967703
137.41642232749646
128.53729964490773
136.3365290282627
144.52571988078543
112.39889422858094
34.64657668374993
25.737456965071377
27.08732358911358
24.29759923275969
25.49748067635276
27.147317661293236
100.46007386482988
151.4250381814456
130.75708031555493
127.84736781484173
123.85776201489477
131.26702992908199
108.85924396998138
123.79776794271511
147.10546498451052
164.74372220532868
116.9584437142346
120.40810286456468
115.96854152327033
129.85716923286012
130.00715441330925
137.5364104718558
129.4072136915127
132.70688766139367
84.83161806203013
35.60648183862438
28.28720503270665
81.74192334477797
132.52690544485472
162.3139622820527
150.1951597017627
127.90736188702138
124.0077471953439
129.4072136915127
123.73777387053546
118.18832219391751
133.21683727492072
150.70510931528975
151.75500557843367
117.43839629167184
124.06774126752356
136.06655570345427
117.37840221949219
132.1969380478666
103.54976858208204
33.05673377098911
27.20731173347289
27.867246527449076
88.07129795973142
129.88716626894995
135.55660608992721
131.47700918171077
126.97745376823676
145.42563096348022
127.90736188702138
125.77757232464369
127.48740338176381
129.52720183587203
116.89844964205496
130.57709809901596
138.4663185906404
145.09566356649214
116.02853559544998
138.94627116807763
116.26851188416859
69.5631266923083
29.127122043221803
26.63736804776618
25.647465856801897
84.71162991767082
130.45710995465666
117.22841703904305
130.4871069907465
134.89667129595102
137.71639268839473
127.00745080432658
148.24535235592393
132.01695583132766
120.46809693674435
132.22693508395645
125.47760196374541
110.80905131582011
137.50641343576595
135.04665647640016
156.85450171370422
122.23792206604412
105.94953146926818
37.40630400401399
28.257207996616824
26.93733840866445
85.73152914472493
123.01784500437962
132.37692026440558
128.77727593362636
122.47789835476274
124.48769977278113
134.0567542854359
131.20703585690234
134.56670389896294
124.4577027366913
138.85628005980817
134.6266979711426
128.89726407798565
127.30742116522485
121.12803173072054
118.75826587962422
134.0567542854359
125.59759010810473
35.816461091253174
27.957237635718556
28.707163537964227
98.21029615809287
135.1066505485798
130.42711291856682
123.70777683444564
120.25811768411556
133.72678688844778
132.43691433658523
131.86697065087853
129.55719887196184
137.50641343576595
143.98577323116854
129.31722258324325
129.97715737721944
110.05912541357445
125.53759603592506
123.07783907655927
101.09001162271625
34.13662707022287
26.787353228215313
26.097421398149297
27.807252455269424
106.33949293843592
122.71787464348135
143.44582658155164
117.01843778641427
138.85628005980817
119.2982125292411
114.64867193531795
120.67807618937313
133.90676910498675
132.25693212004626
129.85716923286012
131.7169854704294
149.5352249077865
147.01547387624103
124.90765827803871
61.13395955106697
28.737160574054055
23.787649619232635
24.29759923275969
25.557474748532414
26.247406578598433
92.54085633711561
120.55808804501382
128.50730260881792
124.93765531412853
111.40899203761666
133.36682245536986
141.97597181315015
153.49483367164362
148.15536124765447
116.47849113679739
129.19723443888392
127.81737077875191
126.52749822688935
125.95755454118265
131.98695879523783
124.18772941188287
116.29850892025841
107.539374382029
31.01693531688089
26.097421398149297
25.7674540011612
95.09060440475089
139.75619114250296
151.30505003708626
131.41701510953112
124.75767309758957
122.4479013186729
126.88746265996727
117.43839629167184
132.34692322831575
155.62462323402133
140.9260755500062
115.21861562102465
117.22841703904305
123.67777979835581
120.94804951418158
133.9667631771664
124.09773830361338
109.15921433087965
40.585989829535634
27.26730580565254
26.877344336484793
88.491256464989
137.62640158012525
124.03774423143373
138.25633933801163
133.90676910498675
124.30771755624217
129.4672077636924
136.09655273954408
119.17822438488179
133.06685209447159
135.8565764508255
163.03389114820854
159.9441964309564
121.60798430815775
118.18832219391751
124.99764938630818
104.1797063399684
30.716964955982622
37.736271401002085
27.957237635718556
28.6771665018744
83.93170697933533
121.90795466905602
128.74727889753655
126.43750711861988
135.01665944031032
127.27742412913503
128.3573174283688
139.00626524025728
149.80519823259493
127.96735595920104
131.65699139824974
121.21802283899001
126.37751304644021
126.40751008253004
127.24742709304519
124.87766124194889
100.67005311745866
35.996443307792134
26.72735915603566
26.367394722957737
25.257504387634146
99.26019242123681
139.9061763229521
113.98873714134176
124.33771459233199
124.09773830361338
129.61719294414152
135.52660905383738
121.81796356078655
133.33682541928002
137.3564282553168
129.2572285110636
128.68728482535687
122.23792206604412
121.75796948860689
109.72915801658635
117.2884111112227
35.546487766444734
26.427388795137393
25.917439181610337
26.787353228215313
28.017231707898212
113.44879049172488
125.74757528855386
143.11585918456356
130.12714255766858
136.09655273954408
124.36771162842183
128.56729668099757
133.57680170799864
131.77697954260904
133.90676910498675
127.33741820131468
140.08615853949107
134.11674835761553
124.51769680887095
118.12832812173785
117.46839332776166
70.133070378015
27.627270238730464
24.29759923275969
28.887145754503187
27.777255419179596
93.860725925068
118.00833997737854
122.14793095777465
153.61482181600294
144.04576730334819
118.968245132253
128.32732039227895
149.17526047470858
131.77697954260904
124.99764938630818
121.8779576329662
130.69708624337528
130.90706549600407
133.21683727492072
138.5563096989099
122.08793688559498
100.73004718963833
35.3965025859956
26.127418434239125
25.58747178462224
26.337397686867913
95.15059847693054
138.40632451846076
154.54472993478757
122.29791613822377
130.7270832794651
125.53759603592506
134.56670389896294
114.61867489922813
129.22723147497376
145.3956339273904
114.0487312135214
140.11615557558088
127.39741227349433
123.8877590509846
120.04813843148676
130.0371514493991
132.7368846974835
132.70688766139367
96.17049770398465
32.84675451836032
27.38729395001185
88.58124757325848
130.69708624337528
135.52660905383738
118.87825402398353
129.91716330503976
123.13783314873892
121.15802876681036
121.84796059687638
110.47908391883203
134.47671279069345
146.98547684015122
160.87410454974102
138.85628005980817
119.14822734879196
114.49868675486881
117.40839925558201
33.74666560105513
24.717557738017266
23.1877088974361
26.06742436205947
28.58717539360492
90.50105788300739
126.64748637124866
128.11734113965016
130.81707438773458
127.39741227349433
141.3760310913536
121.36800801943915
133.84677503280707
157.69441872421936
123.5577916539965
125.74757528855386
129.88716626894995
125.08764049457767
113.41879345563505
128.20733224791965
146.02557168527676
154.87469733177565
113.05882902255713
65.99347939761891
30.536982739443662
26.697362119945833
85.76152618081476
128.1773352118298
125.92755750509282
132.8568728418428
118.57828366308526
129.52720183587203
134.11674835761553
133.06685209447159
124.09773830361338
135.58660312601705
128.7172818614467
161.50404230762737
142.78589178757548
127.0374478404164
120.91805247809174
127.3674152374045
116.65847335333635
92.03090672358856
32.18681972438414
28.37719614097613
28.37719614097613
95.06060736866107
146.1755568657259
128.837270005806
124.2177264479727
134.77668315159173
122.26791910213394
124.06774126752356
141.31603701917396
137.29643418313717
125.3576138193861
134.80668018768154
136.24653791999322
137.17644603877787
128.02735003138068
122.92785389611014
121.39800505552897
133.12684616665123
62.66380839164814
28.887145754503187
28.737160574054055
27.17731469738306
92.99081187846302
112.93884087819782
162.34395931814254
118.87825402398353
124.63768495323026
157.24446318287198
128.44730853663827
121.96794874123569
125.3576138193861
130.24713070202787
129.67718701632117
132.55690248094453
128.837270005806
128.62729075317722
145.84558946873778
133.03685505838178
34.52658853939062
27.597273202640636
24.32759626884952
25.88744214552051
27.597273202640636
101.77994345278226
153.73480996036224
131.65699139824974
129.3772166554229
121.72797245251706
123.61778572617615
115.69856819846189
130.1571395937584
154.3647477182486
151.54502632580488
112.66886755338938
122.6578805713017
126.0175486133623
128.8072729697162
129.01725222234498
130.81707438773458
134.56670389896294
127.99735299529087
75.23256651328556
28.31720206879648
26.5473769394967
82.5518433192033
126.28752193817074
148.5453227168222
143.7157999063601
129.70718405241098
131.65699139824974
123.82776497880494
126.85746562387745
113.35879938345539
129.85716923286012
147.67540867021722
154.60472400696722
128.02735003138068
124.90765827803871
130.21713366593804
120.58808508110366
60.08406328792304
26.757356192125485
25.137516243274842
25.52747771244259
26.097421398149297
91.67094229051064
132.3169261922259
129.55719887196184
124.2177264479727
130.75708031555493
131.02705364036336
132.88686987793264
129.73718108850082
150.97508264009818
125.3576138193861
131.59699732607007
126.61748933515884
122.14793095777465
109.72915801658635
129.58719590805168
141.34603405526377
109.00922915043051
33.50668931233651
24.447584413208826
26.187412506418777
26.127418434239125
107.44938327375952
124.57769088105061
129.13724036670428
117.58838147212097
131.89696768696834
130.78707735164477
138.5563096989099
123.5577916539965
132.8568728418428
137.1164519665982
147.22545312886982
132.55690248094453
131.956961759148
125.65758418028437
123.16783018482876
117.79836072474976
99.3501835295063
33.38670116797721
26.93733840866445
26.427388795137393
26.90734137257462
95.60055401827795
141.64600441616204
127.84736781484173
134.17674242979518
128.9272611140755
126.4675041547097
123.8877590509846
127.33741820131468
130.0371514493991
138.52631266282006
125.80756936073351
131.47700918171077
138.16634822974214
138.25633933801163
120.25811768411556
73.49273842007561
30.536982739443662
24.95753402673588
25.137516243274842
28.107222816167692
29.667068692838683
87.2613779853061
129.07724629452463
128.77727593362636
111.43898907370648
153.85479810472154
157.2744602189618
115.75856227064153
129.97715737721944
130.84707142382442
136.8764756778796
133.66679281626813
125.80756936073351
124.63768495323026
131.35702103735147
131.8369736147887
128.2373292840095
134.5367068628731
106.21950479407663
31.436893822138465
26.097421398149297
25.287501423723974
101.50997012797382
129.4072136915127
151.4250381814456
128.74727889753655
124.39770866451165
131.38701807344128
127.00745080432658
121.15802876681036
131.23703289299215
145.00567245822265
146.92548276797157
106.48947811888506
118.66827477135473
125.26762271111663
131.02705364036336
132.1669410117768
133.24683431101056
125.98755157727247
69.41314151185917
30.986938280791062
26.577373975586525
94.13069924987643
133.15684320274107
131.68698843433955
134.0567542854359
129.2572285110636
128.20733224791965
127.72737967048242
127.63738856221295
117.37840221949219
127.00745080432658
139.7861881785928
158.77431202345315
155.5946261979315
134.89667129595102
116.83845556987531
115.69856819846189
65.84349421716978
28.077225780077864
24.177611088400383
25.79745103725103
27.02732951693393
88.70123571761778
130.66708920728544
120.1981236119359
120.6480791532833
134.32672761024432
128.77727593362636
129.19723443888392
128.41731150054844
142.00596884923996
129.64718998023133
117.04843482250409
119.95814732321729
121.27801691116967
120.22812064802572
141.73599552443153
129.16723740279411
95.87052734308638
34.91655000855837
25.97743325378999
25.827448073340857
27.687264310910116
121.8779576329662
130.7270832794651
127.33741820131468
149.6552130521458
131.38701807344128
131.087047712543
138.6762978432692
128.47730557272808
136.27653495608305
124.96765235021836
136.8764756778796
135.6765942342865
134.89667129595102
133.36682245536986
121.69797541642724
125.53759603592506
127.3674152374045
62.87378764427693
44.87556599038086
27.897243563538904
30.92694420861141
106.60946626324437
143.7457969424499
121.03804062245105
142.21594810186875
128.47730557272808
133.06685209447159
127.66738559830277
125.38761085547594
122.59788649912204
131.89696768696834
146.35553908226484
123.73777387053546
122.777868715661
136.27653495608305
127.81737077875191
70.2230614862845
30.806956064252102
24.11761701622073
22.97772964480731
26.277403614688257
25.737456965071377
107.4193862376697
132.61689655312418
126.49750119079953
126.73747747951813
122.29791613822377
112.42889126467077
129.52720183587203
151.30505003708626
163.3338615091068
112.18891497595216
118.69827180744456
120.28811472020539
122.68787760739153
130.00715441330925
137.29643418313717
135.3166298012086
127.60739152612311
110.29910170229306
30.83695310034193
25.88744214552051
25.737456965071377
87.11139280485696
122.35791021040343
128.62729075317722
155.68461730620098
123.07783907655927
128.8072729697162
134.44671575460362
125.41760789156577
113.77875788871297
131.956961759148
140.32613482820966
139.7861881785928
117.34840518340236
129.3772166554229
131.1470417847227
133.1868402388309
93.9807140694273
29.667068692838683
26.097421398149297
25.43748660417311
26.787353228215313
97.52036432802686
133.03685505838178
124.57769088105061
134.47671279069345
134.38672168242397
126.9174596960571
132.13694397568696
156.19456691972803
131.86697065087853
120.9780465502714
123.70777683444564
126.58749229906901
111.88894461505389
128.14733817574
146.14555982963606
137.26643714704733
80.84201226208317
30.416994595084354
24.11761701622073
26.877344336484793
26.697362119945833
100.2500946122011
120.94804951418158
124.36771162842183
125.05764345848785
130.75708031555493
128.74727889753655
132.70688766139367
127.30742116522485
132.04695286741747
124.33771459233199
141.64600441616204
154.96468844004514
122.9878479682898
121.03804062245105
128.32732039227895
124.87766124194889
125.83756639682333
81.56194112823901
31.496887894318117
27.777255419179596
29.33710129585059
84.681632881581
141.91597774097048
125.38761085547594
131.11704474863285
125.2376256750268
119.38820363751059
134.29673057415448
137.02646085832873
130.33712181029736
136.69649346134062
125.14763456675732
122.6578805713017
145.54561910783954
132.7368846974835
126.58749229906901
120.28811472020539
42.08584163402697
26.72735915603566
25.97743325378999
26.787353228215313
28.077225780077864
90.23108455819894
126.73747747951813
114.97863933230605
134.50670982678326
164.23377259180162
130.66708920728544
116.59847928115668
132.9768609862021
146.47552722662417
123.58778869008633
126.0175486133623
129.22723147497376
130.0671484854889
137.77638676057438
121.36800801943915
123.85776201489477
107.92933585119675
30.686967919892794
23.547673330514023
26.487382867317045
29.577077584569203
97.16039989494894
129.9471603411296
158.11437722947696
131.65699139824974
135.82657941473565
123.37780943745754
126.07754268554196
123.61778572617615
136.45651717262203
142.1259569935993
127.90736188702138
119.95814732321729
129.55719887196184
119.50819178186988
130.24713070202787
124.84766420585905
130.24713070202787
132.3169261922259
75.29256058546521
30.536982739443662
25.52747771244259
99.56016278213508
122.26791910213394
129.07724629452463
142.18595106577894
142.00596884923996
133.00685802229194
128.9272611140755
126.49750119079953
121.57798727206793
121.27801691116967
130.45710995465666
153.07487516638605
165.82361550456244
117.70836961648028
120.43809990065452
189.13131254635783
124.93765531412853
53.004762770723914
53.034759806813746
47.66529034673475
42.955755680631945
88.64124164543813
127.90736188702138
129.61719294414152
123.73777387053546
129.16723740279411
131.956961759148
138.34633044628112
135.01665944031032
120.28811472020539
137.26643714704733
129.19723443888392
116.68847038942617
125.62758714419455
133.75678392453761
110.4490868827422
128.5972937170874
132.13694397568696
65.57352089236134
27.837249491359252
28.227210960527
28.58717539360492
118.42829848263612
130.0671484854889
120.73807026155278
138.04636008538284
132.46691137267504
125.65758418028437
127.15743598477572
137.62640158012525
126.16753379381143
128.14733817574
136.84647864178976
133.09684913056142
132.82687580575296
129.91716330503976
125.20762863893697
125.26762271111663
124.33771459233199
81.38195891170005
28.527181321425267
28.197213924437172
27.837249491359252
120.9780465502714
147.61541459803757
113.41879345563505
129.01725222234498
148.57531975291204
115.33860376538397
132.9768609862021
120.6480791532833
127.33741820131468
138.28633637410144
123.94775312316425
124.18772941188287
121.21802283899001
129.22723147497376
127.90736188702138
77.6323294004717
29.127122043221803
24.447584413208826
24.56757255756813
25.49748067635276
26.517379903406873
101.09001162271625
132.52690544485472
121.5479902359781
129.91716330503976
123.79776794271511
122.6578805713017
132.9468639501123
143.56581472591097
157.75441279639904
122.26791910213394
117.88835183301924
125.47760196374541
130.24713070202787
123.82776497880494
138.70629487935904
134.5367068628731
119.83815917885798
126.10753972163178
56.60440710150313
29.63707165674886
26.457385831227217
87.5913453822942
135.3166298012086
126.40751008253004
150.315147846122
129.70718405241098
127.09744191259605
122.41790428258308
124.69767902540991
114.22871343006037
128.14733817574
144.76569616950403
152.38494333632005
113.4787875278147
123.76777090662529
122.95785093219996
127.18743302086554
89.63114383640242
29.96703905373695
26.15741547032895
55.28453751355075
25.34749549590363
109.81914912485584
