165.07368960231676
98.33028430245218
139.54621188987417
141.91597774097048
161.38405416326808
156.67451949716528
166.3635621541793
165.25367181885574
159.5242379256988
153.0148810942064
104.80964409785476
37.49629511228348
32.9367456266298
32.426796013102745
32.84675451836032
32.426796013102745
33.86665374541443
32.78676044618067
32.66677230182136
33.65667449278565
33.92664781759409
114.88864822403656
157.45444243550077
155.11467362049427
165.73362439629295
164.35376073616092
164.23377259180162
167.80341988649099
173.35287156310895
168.1333872834791
160.69412233320205
155.9545906310094
170.62314127893472
168.7033309691858
168.37336357219772
163.0038941121187
167.5634435977724
146.95547980406138
69.1131711509609
43.25572604153022
41.125936479152514
110.23910763011341
172.78292787740224
175.1826907645884
160.00419050313604
163.3338615091068
166.72352658725723
156.9444928219737
148.78529900554082
171.64304050598884
171.1630879285516
163.4238526173763
159.88420235877672
169.6032420518806
171.613043469899
176.50256035254077
216.4286153881002
193.21090945457428
99.44017463777577
45.77547707307566
39.77606985511031
128.29732335618914
162.34395931814254
172.81292491349208
164.29376666398127
160.5441371527529
169.363265763162
159.67422310614793
169.78322426841956
165.46365107148452
184.1818015915364
162.8539089316696
158.68432091518366
164.26376962789143
158.23436537383625
160.6341282610224
171.1630879285516
113.32880234736557
40.855963154344074
38.756170628056196
42.38581199492524
117.97834294128872
165.6736303241133
203.07993432812728
154.51473289869773
164.50374591661006
157.24446318287198
157.39444836332112
178.18239437357107
177.13249811042712
159.91419939486656
172.09299604733621
179.8022343224217
204.72977131306777
166.5735414068081
164.71372516923884
160.93409862192067
179.41227285325397
122.92785389611014
44.2456282324945
43.405711221979345
148.81529604163066
161.71402156025616
175.39267001721717
158.44434462646504
172.57294862477346
174.22278560971392
159.55423496178864
160.0641845753157
170.02320055713818
153.49483367164362
169.96320648495853
167.95340506694012
168.0433961752096
175.0027085480494
128.2673263200993
45.985456325704455
36.626381065678494
37.5262921483733
35.57648480253456
37.376306967924165
130.69708624337528
201.5500854875461
166.66353251507758
159.10427942044123
174.16279153753428
160.00419050313604
141.97597181315015
173.02290416612087
196.4805863883654
219.03835752791514
141.22604591090447
159.37425274524966
155.5946261979315
159.58423199787848
165.52364514366417
168.76332504136545
166.21357697373017
161.14407787454945
93.38077334763076
42.205829778386274
107.77935067074762
167.05349398424534
211.74907775808722
202.98994321985782
163.3338615091068
160.12417864749534
170.3831649902161
158.44434462646504
155.53463212575184
173.862821176636
200.92014772965976
186.25159708173447
143.62580879809062
164.7737192414185
172.36296937214468
153.61482181600294
164.47374888052022
120.1981236119359
51.26493467751396
40.855963154344074
116.9584437142346
163.4538496534661
169.75322723232975
154.12477142953
160.66412529711224
184.75174527724312
170.62314127893472
159.8542053226869
171.0430997841923
163.6638289060949
153.73480996036224
170.71313238720418
183.07191125621284
175.90261963074423
149.83519526868477
166.03359475719122
150.5551241348406
81.50194705605935
47.605296274555094
41.935856453577834
108.91923804216103
173.05290120221068
164.29376666398127
171.19308496464143
166.69352955116742
166.72352658725723
151.66501447016418
172.45296048041416
170.923111639833
155.08467658440443
170.29317388194661
159.88420235877672
152.29495222805056
171.07309682028213
187.21150223660894
208.80936822128422
167.98340210302996
111.37899500152683
48.14524292417198
42.65578531973368
109.12921729478983
167.95340506694012
161.47404527153756
169.7232301962399
160.24416679185464
157.1544720746025
173.98280932099533
176.2025899916425
155.62462323402133
164.05379037526265
189.4312829072561
172.00300493906676
168.1333872834791
175.45266408939682
154.12477142953
153.4648366355538
171.9430108668871
142.7258977153958
49.76508287302263
45.08554524300965
127.27742412913503
175.78263148638493
177.3424773630559
159.9441964309564
153.0148810942064
164.38375777225076
163.3338615091068
168.97330429399423
160.87410454974102
169.54324797970096
179.74224025024205
169.363265763162
163.36385854519665
163.8738081587237
152.14496704760143
172.96291009394122
117.52838739994132
51.26493467751396
45.20553338736895
46.94536148057891
139.9061763229521
155.74461137838063
184.9317274937821
174.34277375407325
172.66293973304295
153.7948040325419
152.4449374084997
164.86371034968798
166.72352658725723
162.61393264295097
151.39504114535575
167.80341988649099
179.35227878107432
186.31159115391412
163.30386447301697
63.833692799151386
36.77636624612763
34.55658557548045
36.77636624612763
37.58628622055296
121.45799912770863
167.9234080308503
167.3534643451436
162.37395635423235
150.16516266567285
169.9332094488687
181.5720594517215
203.61988097774417
190.2112058455916
147.70540570630706
159.73421717832758
161.68402452416635
152.6849136972183
162.8539089316696
167.5934406338622
157.75441279639904
145.12566060258195
111.52898018197597
40.585989829535634
36.23641959651075
114.61867489922813
183.22189643666195
192.52097762450828
164.5637399887897
153.6748158881826
165.64363328802347
159.46424385351915
163.6638289060949
183.07191125621284
195.04072865605372
187.721451850136
150.04517452131356
158.71431795127347
159.58423199787848
153.19486331074535
161.14407787454945
164.71372516923884
128.7172818614467
47.48530813019579
39.38610838594256
121.36800801943915
168.1333872834791
151.54502632580488
174.10279746535463
181.69204759608078
171.64304050598884
176.14259591946285
158.98429127608193
147.94538199502568
161.32406009108843
184.96172452987193
225.1577528902398
208.62938600474524
151.15506485663713
157.99438908511763
162.46394746250184
113.98873714134176
42.8957616084523
54.14465014213734
42.35581495883541
108.52927657299328
166.69352955116742
159.73421717832758
155.02468251222479
161.23406898281894
160.184172719675
161.5340393437172
167.53344656168255
180.0122135750505
167.80341988649099
172.33297233605484
161.38405416326808
161.92400081288494
159.9441964309564
172.2729782638752
175.422667053307
109.39919061959826
54.56460864739491
45.02555117082999
43.82566972723692
111.31900092934717
176.62254849690007
159.9741934670462
154.1547684656198
162.01399192115443
182.9219260757637
161.2940630549986
149.74520416041528
165.97360068501158
173.05290120221068
163.72382297827457
160.4241490083936
161.71402156025616
162.25396820987305
154.66471807914687
133.12684616665123
52.79478351809513
44.605592665572416
41.965853489667666
46.67538815577047
142.33593624622807
152.20496111978107
185.02171860205158
173.53285377964792
173.65284192400722
159.9441964309564
162.04398895724427
158.65432387909382
159.67422310614793
166.87351176770636
159.37425274524966
172.45296048041416
181.4520713073622
165.61363625193366
179.08230545626586
162.34395931814254
86.6914342995994
42.595791247554025
42.235826814476106
43.405711221979345
115.54858301801275
153.5848247799131
152.62491962503864
208.83936525737403
185.44167710730915
154.27475660997914
161.47404527153756
184.60176009679398
166.4535532624488
159.31425867307001
158.5043386986447
168.6133398609163
168.94330725790442
170.08319462931783
159.9441964309564
166.3635621541793
111.01903056844891
47.155340733207694
36.536389957409014
38.09623583408001
118.93824809616318
189.34129179898662
200.17022182741408
168.64333689700615
171.613043469899
169.06329540226372
164.683728133149
155.05467954831462
170.23317980976697
193.6908620320115
150.94508560400834
177.85242697658296
161.80401266852564
162.61393264295097
162.67392671513062
174.22278560971392
165.37365996321503
169.21328058271285
104.11971226778874
41.15593351524234
104.32969152041754
166.06359179328103
173.4128656352886
173.53285377964792
164.32376370007108
162.4039533903222
167.3534643451436
154.72471215132651
150.85509449573888
170.53315017066524
194.77075533124528
219.87827453843028
171.5230523616295
153.82480106863173
155.17466769267392
134.50670982678326
51.20494060533431
38.936152844595156
38.87615877241551
42.205829778386274
106.84944255196298
170.86311756765332
164.50374591661006
162.25396820987305
169.51325094361113
164.29376666398127
164.50374591661006
178.84232916754726
199.3003077808091
161.44404823544772
163.51384372564576
175.60264926984595
152.92488998593691
150.1051685934932
168.7033309691858
191.29109914482535
200.92014772965976
148.84529307772047
75.47254280200417
43.135737897170905
108.49927953690346
154.39474475433843
161.38405416326808
167.5634435977724
159.91419939486656
158.35435351819555
164.8937073857778
165.40365699930484
161.14407787454945
160.12417864749534
167.98340210302996
207.66948084987078
171.43306125336005
167.71342877822153
167.26347323687412
154.9046943678655
155.20466472876376
106.12951368580714
52.43481908501721
45.77547707307566
113.29880531127574
191.08111989219657
160.30416086403432
173.47285970746827
163.57383779782543
160.39415197230377
167.5634435977724
162.46394746250184
166.09358882937087
159.5242379256988
173.56285081573773
172.21298419169554
168.43335764437737
172.36296937214468
162.8839059677594
176.56255442472042
165.52364514366417
79.01219306060374
45.74548003698584
45.80547410916549
112.45888830076059
141.10605776654518
215.46871023322575
157.8144068685787
162.55393857077132
184.03181641108728
178.09240326530158
164.6537310970592
162.4039533903222
160.60413122493256
155.32465287312306
168.31336950001804
148.18535828374428
160.6341282610224
177.85242697658296
141.22604591090447
49.49510954821419
40.16603132427806
35.816461091253174
36.626381065678494
125.92755750509282
196.3605982440061
167.23347620078428
168.31336950001804
167.6834317421317
158.02438612120747
142.75589475148564
179.32228174498448
195.1307197643232
187.51147259750718
148.06537013938498
163.84381112263387
159.73421717832758
162.28396524596286
158.98429127608193
166.72352658725723
161.80401266852564
160.00419050313604
86.42146097479095
37.916253617541045
100.64005608136884
163.6638289060949
190.06122066514246
182.0220149930689
176.56255442472042
159.19427052871072
164.86371034968798
155.32465287312306
156.52453431671614
175.1826907645884
198.10042633721605
203.37990468902555
164.683728133149
147.67540867021722
168.40336060828753
163.27386743692716
74.42264653886023
41.15593351524234
39.62608467466117
40.16603132427806
119.14822734879196
171.97300790297692
156.4945372806263
166.51354733462844
164.0237933391728
167.80341988649099
162.58393560686113
167.62343766995204
199.45029296125824
162.70392375122046
165.28366885494555
169.90321241277888
166.72352658725723
151.3350470731761
167.5934406338622
195.85064863047904
115.72856523455171
46.10544447006376
37.196324751385205
37.61628325664278
135.6465971981967
156.97448985806352
164.71372516923884
165.25367181885574
155.44464101748235
173.32287452701914
171.19308496464143
153.43483959946397
171.10309385637194
170.77312645938386
191.59106950572362
164.92370442186763
169.63323908797042
165.16368071058625
157.75441279639904
169.51325094361113
114.7086660074976
46.64539111968064
46.615394083590814
46.255429650512895
126.31751897426057
164.32376370007108
164.1137844474423
169.1532865105332
160.27416382794448
159.4042497813395
155.65462027011117
172.03300197515657
168.22337839174858
164.98369849404727
152.564925552859
166.09358882937087
175.39267001721717
178.15239733748123
165.1036866384066
89.60114680031259
49.19513918731592
41.15593351524234
42.38581199492524
43.315720113709865
120.528091008924
168.7033309691858
166.06359179328103
140.41612593647915
193.93083832073012
217.62849683169327
152.65491666112848
158.7443149873633
157.09447800242285
190.5411732425797
175.33267594503752
165.04369256622692
158.32435648210574
159.73421717832758
185.20170081859052
158.02438612120747
167.29347027296393
115.24861265711448
40.01604614382892
36.356407740870054
124.24772348406252
162.58393560686113
191.02112582001692
164.7737192414185
166.54354437071828
172.87291898567173
159.01428831217174
158.11437722947696
167.50344952559274
189.91123548469332
189.4312829072561
151.03507671227783
163.36385854519665
161.62403045198667
162.04398895724427
170.923111639833
167.65343470604188
159.13427645653107
79.4321515658613
42.92575864454212
120.73807026155278
160.45414604448345
157.87440094075833
167.83341692258082
180.5821572607572
169.42325983534164
168.34336653610788
153.4648366355538
143.1758532567432
167.44345545341307
175.27268187285787
207.75947195814027
211.5990925776381
162.07398599333408
157.36445132723128
159.16427349262088
80.24207154028663
41.965853489667666
40.01604614382892
41.035945370883034
115.66857116237206
158.44434462646504
169.90321241277888
153.55482774382327
167.6834317421317
173.08289823830052
167.32346730905377
156.34455210017717
172.00300493906676
180.2221928276793
163.993796303083
166.24357400982
150.04517452131356
150.94508560400834
170.5031531345754
176.2025899916425
111.10902167671838
53.24473905944253
48.59519846551938
43.7956726911471
149.2052575107984
175.93261666683406
165.07368960231676
184.60176009679398
170.62314127893472
164.47374888052022
165.04369256622692
178.0024121570321
160.03418753922585
146.11556279354625
167.77342285040118
173.92281524881565
165.52364514366417
163.27386743692716
170.17318573758732
159.10427942044123
170.74312942329402
80.99199744253231
63.32374318562433
45.29552449563844
142.75589475148564
183.8218371584585
152.17496408369124
182.5919586787756
163.96379926699316
171.22308200073124
155.05467954831462
149.83519526868477
150.43513599048129
172.03300197515657
169.18328354662304
161.05408676627997
165.7936184684726
165.7636214323828
166.48355029853863
77.062385714765
39.71607578293065
35.87645516343283
34.88655297246854
36.716372173947974
134.26673353806467
170.62314127893472
165.16368071058625
161.23406898281894
159.2842616369802
153.37484552728432
172.03300197515657
201.82005881235457
209.49930005135022
143.2658443650127
153.97478624908086
164.2037755557118
164.83371331359814
155.89459655882976
165.64363328802347
165.2236747827659
162.8839059677594
120.40810286456468
42.505800139284545
36.14642848824127
114.0487312135214
161.50404230762737
166.84351473161655
194.08082350117925
169.8432183405992
173.26288045483946
163.30386447301697
157.45444243550077
148.63531382509169
167.05349398424534
199.7202662860667
179.6822461780624
146.38553611835468
158.68432091518366
168.673333933096
163.18387632865768
102.8298397159262
46.165438542243415
43.55569640242848
43.49570233024883
122.35791021040343
158.65432387909382
159.8542053226869
197.26050932670088
164.8937073857778
165.64363328802347
167.83341692258082
195.94063973874853
162.8539089316696
166.87351176770636
172.33297233605484
153.7948040325419
156.28455802799752
169.7232301962399
196.45058935227559
173.9528122849055
94.25068739423574
43.73567861896744
39.026143952864636
41.305918695691474
116.53848520897704
159.25426460089037
161.5340393437172
172.24298122778535
160.99409269410032
168.0133991391198
163.18387632865768
164.14378148353214
148.90528714990012
165.31366589103538
171.43306125336005
203.28991358075606
165.07368960231676
160.0641845753157
169.39326279925183
161.71402156025616
172.90291602176154
99.98012128739265
48.9551628985973
50.78498210007674
114.82865415185691
171.5230523616295
164.6537310970592
163.30386447301697
166.39355919026914
157.7244157603092
156.9444928219737
172.09299604733621
178.12240030139142
170.23317980976697
153.1348692385657
165.73362439629295
168.49335171655702
169.1532865105332
177.61245068786437
156.82450467761439
59.00416998868927
42.8957616084523
42.35581495883541
42.955755680631945
113.32880234736557
165.3436629271252
147.885387922846
169.75322723232975
216.12864502720194
160.78411344147153
151.18506189272696
156.22456395581787
194.50078200643682
160.87410454974102
153.40484256337413
166.51354733462844
168.16338431956893
163.5438407617356
149.68521008823564
160.184172719675
118.12832812173785
39.47609949421204
35.00654111682785
36.77636624612763
112.24890904813181
168.8233191135451
201.34010623491733
168.8233191135451
162.01399192115443
171.88301679470743
168.94330725790442
160.184172719675
173.08289823830052
195.43069012522147
168.43335764437737
158.44434462646504
171.34307014509056
160.81411047756137
156.97448985806352
157.33445429114144
168.7033309691858
166.30356808199966
98.75024280770975
45.985456325704455
118.75826587962422
157.48443947159058
161.0840838023698
167.98340210302996
194.5907731147063
168.0133991391198
160.4241490083936
171.34307014509056
158.5043386986447
157.75441279639904
161.7740156324358
201.16012401837838
211.65908664981774
161.05408676627997
947.3663937889094
276.1827112790352
104.02972115951927
70.37304666673363
144.34573766424646
67.73330749082886
219.9982626827896
151.93498779497264
172.60294566086327
161.2940630549986
159.58423199787848
169.30327169098234
174.6427441149715
171.43306125336005
155.62462323402133
168.10339024738926
169.87321537668905
163.57383779782543
175.39267001721717
164.4437518444304
157.09447800242285
159.25426460089037
172.87291898567173
83.96170401542516
48.02525477981267
49.91506805347176
151.18506189272696
172.2729782638752
156.6145254249856
187.00152298398012
173.05290120221068
163.93380223090335
169.66323612406026
175.48266112548666
164.26376962789143
159.6142290339683
175.24268483676803
169.96320648495853
167.71342877822153
175.27268187285787
172.21298419169554
161.1740749106393
166.8135176955267
98.39027837463183
48.3852192128906
46.8253733362196
145.57561614392935
188.44138071629183
150.07517155740337
171.13309089246178
187.12151112833945
147.22545312886982
164.26376962789143
157.7244157603092
169.42325983534164
160.24416679185464
161.744018596346
151.51502928971505
163.3338615091068
168.0133991391198
160.99409269410032
89.33117347550414
39.92605503555944
35.66647591080404
34.88655297246854
36.86635735439711
123.91775608707442
174.25278264580376
160.03418753922585
174.04280339317498
165.94360364892174
157.93439501293798
168.22337839174858
187.39148445314788
202.8699550754985
159.91419939486656
152.3549463002302
160.12417864749534
157.93439501293798
160.48414308057326
163.36385854519665
162.55393857077132
156.25456099190768
159.16427349262088
61.433929911965244
39.95605207164927
103.90973301515996
173.7428330322767
160.12417864749534
195.67066641394007
163.48384668955595
166.3635621541793
169.39326279925183
162.8839059677594
152.71491073330813
168.55334578873666
194.8007523673351
192.4309865162388
150.135165629583
164.17377851962195
154.3647477182486
163.5438407617356
102.64985749938724
44.96555709865034
42.235826814476106
