166.27249562400868
166.9673908981777
210.04488148735877
122.48807694205824
120.52672751020447
179.4333909681195
146.23183624515923
151.68270307110868
134.13885355182768
146.89364126817736
138.07960164343572
135.60084101176776
161.12545746771755
170.92618821768627
116.67622555809889
138.7684805083046
162.99656076006886
137.87805193188018
111.05088286244467
110.99071876944302
119.10986312001562
126.11296354540762
149.79655875550696
113.13556868495182
126.37768555461489
101.99618686569642
100.89819216841632
102.67604111661505
186.72227083526934
101.85780945179262
102.74222161891687
130.52599976707862
97.20411685811503
102.5316472934111
151.16529187129447
160.92390775616204
96.9514276675081
115.73164929797301
111.00876799734351
101.27421774967662
97.38460913711998
149.3784183091455
198.35800642178836
154.82627693044486
143.07021315792255
200.65928297910145
127.33429463334112
144.54122523181286
174.46985329548343
172.4994792496794
172.07532239401777
134.0455992076751
125.6196179827941
100.8651019172654
175.18580600220304
101.99317866104633
97.84787265323268
139.20166197791647
102.50457345156036
152.5671152382329
98.18479157404192
163.54706221103396
104.68853002752023
115.43684524226492
96.34076212354137
101.0034793311692
155.21734353495557
101.34942286592869
95.82936733302735
100.68460963826045
143.0581803393222
100.82298705216425
95.73912119352487
101.06063521952076
101.76756331229015
115.65644418172094
98.29308694144488
102.16464632610104
100.97339728466838
158.18644152458697
97.57111782542509
143.18753313927576
166.55526686111642
177.18024568520772
97.52298655102378
102.36619603765656
102.19172016795177
142.72426962316305
98.47057101579976
100.71469168476128
159.95526585883547
113.18971636865331
97.08078046746165
101.58406282863511
101.22608647527531
101.40657875428025
97.29737120226758
101.53292334958371
102.07740839124864
153.993004242372
164.32919542005538
126.10093072680729
161.77222146748528
138.18789701083867
127.37941770309234
176.6538098714433
112.03456578302163
106.14750928281023
100.65753579640972
111.33365409955242
107.66665263110188
176.86438419694906
102.13155607495013
154.98571177689922
105.13073611108236
124.92472270862504
100.97941369396854
109.4836082397517
200.37951994664377
108.67440118887951
135.19172517935652
127.57194280069763
152.77768956373868
118.83611649685811
127.77650071690323
150.5305606901271
147.48324937959353
124.58178737851564
138.15781496433786
176.3409565878347
126.60931731267124
163.00859357866918
97.02061637446
142.78744192081479
102.07440018659857
101.18697981482423
97.37558452316974
136.64468802534637
101.79162894949081
101.27722595432671
97.08078046746165
155.73475473476975
114.2215305636316
105.73839345039902
97.8448644485826
160.84268623060981
110.64477523468354
103.25361640943089
147.4892657888937
151.73685075481015
129.85216192546014
140.022901847389
97.71250344397897
101.59308744258537
102.02927711684733
102.02326070754717
96.92134562100728
102.43538474460846
137.7216252900759
102.70913136776596
97.73656908117964
204.81963001016553
112.59409184793698
166.60339813551775
97.40265836502047
101.52690694028355
130.88096791578835
137.25535356931312
97.22818249531569
100.98543010326871
138.74441487110394
101.21706186132505
97.76364292303037
101.53292334958371
102.13155607495013
101.83675201924204
145.29327639433347
101.68634178673793
108.27430997041854
111.87513093656727
95.15552949140887
135.4203487327628
122.44897028160717
171.2841645710461
180.48626259564838
125.5684785037427
140.90430580986316
164.9789676244732
115.77376416307416
109.77841229545979
108.56309761682647
109.61897744900541
156.94405300410293
167.01853037722913
156.08671467882942
130.1529823904684
119.66337277563079
128.9497005304354
108.19308844486632
107.70275108690288
101.5359315542338
144.38780679465867
122.62344615131195
171.92190395686356
122.8219876582174
205.46639400993325
413.1287774144267
143.45827155778318
151.58644052230602
165.88142901949794
101.50284130308289
112.8648302664444
96.58442670019804
102.25790067025359
100.9162413963168
101.12681572182258
97.36054349991932
102.0503345493979
153.70421659596408
129.9604572928631
96.79199282105374
182.91689195291502
114.79008124249718
137.58625608082218
107.08606913363596
100.6605440010598
101.725448447189
155.10303175825243
97.57412603007518
101.36446388917909
102.66100009336465
98.87066223426072
138.85872664780706
102.12553966564997
102.22180221445261
100.87111832656556
97.07777226281156
109.40238671419947
116.315241000089
101.05161060557052
97.69445421607848
159.2994772451175
145.96410603130187
130.97723046459097
177.22536875495896
106.29190310601419
177.10804877360576
105.19992481803425
99.89345181528877
111.12007156939657
106.87248660348011
107.29965166379182
114.12225981017887
148.19920208631316
153.36428947050476
105.7564426782995
173.22445657034928
108.4878925005744
105.93994316195455
106.72207637097598
101.52089053098338
147.17039609598496
187.39610867688782
119.65434816168055
110.22663478832207
137.70357606217542
115.14204118655684
119.69947123143179
113.78534088936964
168.79337112077778
118.48716475744855
137.32454227626502
98.70821918315627
124.44040175996177
103.06710772112578
102.5827867724625
111.25844898330035
101.87585867969312
115.148057595857
101.33438184267827
97.85088085788277
121.49236120288094
183.11242525517036
116.58898762324651
99.52645084797871
180.91643586061016
173.0289232680939
165.27978808948146
119.57312663612832
103.28971486523189
102.71514777706614
102.91970569327174
125.04204268997826
131.67212573876003
107.88925977520799
102.19172016795177
172.21069160327147
104.2463239439581
148.50904716527165
103.12426360947734
124.86756682027348
119.35051949202222
202.94551851316413
171.05253281298974
113.9989234195255
117.53657208802248
145.84979425459875
120.82153156591255
109.09554983989106
110.19053633252108
123.938031583398
109.8776830489125
121.30284430992575
165.86939620089763
109.38734569094906
108.52098275172531
105.25708070638582
164.06447341084814
108.45179404477341
108.62927811912827
102.7542544375172
119.72353686863245
187.85937219300052
119.91004555693756
133.99746793327378
121.32991815177648
180.71488614905465
213.42610351405148
160.20494684479232
102.44140115390863
102.39026167485723
160.52080833305098
147.15234686808446
102.892631851421
102.73319700496663
132.2286435990253
118.56537807835069
102.14960530285062
154.4081364840834
102.67303291196498
146.15663112890715
158.27067125478928
112.01350835047106
111.10503054614615
98.83456377845974
164.8766886663704
103.81314247434624
103.00092721882396
97.92909417878491
106.08734518980859
103.70484710694326
102.91068107932149
137.53812480642085
103.20548513502958
104.04477423240259
102.55872113526183
98.03137313688771
104.43283263226323
102.91669748862165
102.85051698631985
136.42208088124028
332.28628564811027
127.41250795424325
111.51715458320746
154.2667508655295
138.86173485245715
177.32463950841168
165.34596859178328
197.6781521708697
118.357811957495
238.85746562584873
152.00758917331757
109.50466567230228
137.4298294390179
102.09244941449906
102.2037529865521
97.7756757416307
103.31378050243254
154.36602161898224
102.5677457492121
140.82910069361108
116.15580615363463
152.20312247557294
212.45445341207483
97.95015161133549
109.11660727244164
154.11032422372523
102.67303291196498
97.81177419743169
102.6519754794144
104.45990647411396
102.85653339562
124.19974538795518
103.08816515367636
132.3670210129291
101.8788668843432
98.4615464018495
135.03830674220234
151.475136950253
103.10621438157685
98.98196580631378
118.38488579934574
168.8294695765788
121.47732017963052
111.9894427132704
117.22973521371408
132.51442304078313
106.82134712442871
122.21132211425065
108.39764636107192
107.10712656618654
107.60348033345015
101.00047112651912
107.05899529178522
114.86227815409917
168.30604196746444
103.54541226048889
141.78270156768724
109.15571393289271
107.27859423124124
103.13930463272776
156.86583968320076
167.39154775383935
119.16701900836719
149.3784183091455
125.81515128504945
118.0840653343375
131.81351135731393
140.20038592174384
673.3595370791114
110.71095573698535
113.7582670475189
127.33429463334112
161.2036707886197
103.34687075358345
101.37649670777942
147.317798123839
103.184427702479
103.59955994419037
101.7073992192885
126.54313681036942
165.61069060099052
175.88370948102218
127.55088536814705
97.45680604872196
102.66701650266481
153.6500689122626
102.43538474460846
97.44176502547155
103.22955077223023
102.37522065160681
150.7321104016826
138.17887239688844
102.28196630745425
101.9480555912951
103.148329246678
97.57111782542509
103.41605946053535
150.9908160015897
102.47449140505952
97.00256714655951
110.26273324412305
141.71652106538542
175.33922443935725
112.13985294577452
197.542782961616
165.40312448013484
137.97431448068284
117.84641716698098
123.41159576963356
109.5347477188031
120.72226081245982
107.51323419394768
145.29628459898356
112.52490314098509
106.77020764537731
107.0289132452844
113.7071275684675
169.21151156713924
108.36154790527094
146.40330391021394
120.6410392869076
120.85763002171353
135.12554467705473
113.22280661980422
111.68862224826215
152.7054926521367
161.0833426026164
103.36191177683386
103.48524816748724
101.9991950703465
102.93474671652216
158.24359741293856
103.37996100473435
103.0099518327742
102.21879400980252
154.40212007478323
102.4113191074078
134.14486996112782
129.28361124659455
97.66738037422773
132.7941860732408
141.30439702832413
374.8854716979282
175.23393727660437
107.94942386820964
111.55024483435837
107.92535823100897
146.3401316125622
134.65024834234168
107.48616035209693
108.57212223077671
103.6296419906912
111.84504889006644
112.58205902933665
165.6347562381912
104.92918639952683
107.47111932884653
107.39591421259446
159.828921263532
106.23173901301254
125.53839645724187
135.05033956080266
117.19965316721324
171.2119676594441
123.52289934168661
124.19072077400492
114.12526801482896
114.02900546602632
162.9363966670672
121.08625357511981
105.21195763663458
98.16674234614143
102.6339262515139
138.49774208979719
102.33912219580581
97.37859272781982
135.82645636052393
95.64586684937231
101.42763618683082
97.73055267187947
116.44459380004255
155.85809112542313
143.57859974378647
97.81177419743169
102.19773657725194
101.98716225174617
102.40831090275772
98.10056184383961
102.43538474460846
148.18115285841267
102.1706627354012
97.08679687676182
164.34724464795588
102.14058068890037
102.16765453075112
98.69618636455594
102.80238571191852
102.56172933991192
160.14177454714059
156.22208388808312
116.73037324180038
449.7476526198807
213.7148911604594
145.09473488742805
135.13456929100496
308.3530094520541
168.94979776258208
138.02545395973422
143.63876383678812
152.07978608491956
107.74486595200403
108.76464732838198
112.38652572708129
138.5248159316479
109.41742773744988
108.58114684472696
118.67668165040375
164.50367128976018
118.84514111080836
159.42883004507104
150.93065190858806
130.41770439967564
188.68061206247305
129.97549831611352
235.51835846425718
221.17523869266392
103.05507490252545
97.896003927634
101.94504738664502
102.26391707955376
102.40831090275772
171.66921476625663
102.57677036316234
103.01897644672447
124.61788583431664
97.19509224416478
102.5827867724625
145.2210794827315
111.60740072270993
160.73739906785693
116.62809428369758
116.70029119529956
109.30913237004691
109.9137815047135
170.11698116681407
154.8714000001961
107.32371730099248
103.05808310717553
112.25416472247765
109.6881661559573
123.65225214164016
102.70612316311588
106.21669798976212
141.0366668144668
109.87166663961234
104.89308794372585
171.72937885925828
107.4079470311948
119.61223329657939
104.607308501968
214.43084386717902
116.49573327909395
118.51724680394938
109.59491181180475
128.3811498515698
119.14596157581661
118.94742006891117
114.69081048904447
114.73292535414562
155.5723116836653
120.14167731499391
165.2557224522808
185.40467719853322
151.45107131305232
144.35772474815784
97.7756757416307
130.55608181357945
153.98999603772194
102.52563088411094
97.59518346262576
167.08771908418103
153.71324120991434
138.35334826659323
98.60894842970355
102.26993348885392
104.25234035325828
117.33201417181688
98.80147352730883
103.37093639078411
121.57358272843317
102.60083600036299
97.39363375107023
102.63693445616398
135.30302875140958
102.03830173079757
98.26902130424423
102.57977856781241
159.353624928819
100.81697064286409
98.49463665300041
245.88763989309146
172.8063161239878
188.6535382206223
148.98434349998467
124.50959046691366
119.80475839418467
144.61643034806494
119.63629893378005
114.04404648927674
110.64778343933362
107.77193979385477
104.38770956251199
148.59628510012405
109.21888623054444
109.69719076990755
106.06929596190808
109.23994366309502
108.65635196097902
123.82371980669485
148.22326772351383
137.58625608082218
211.2090566869407
123.01752096047275
113.75225063821873
125.59555234559343
106.56264152452161
165.1865337453289
171.53986196630308
143.82527252509325
153.1326577124484
102.95580414907273
98.40739871814803
164.33822003400564
103.17239488387867
101.95407200059526
98.23893925774341
102.2548924656035
103.30174768383222
137.52007557852036
126.68753063357337
109.79345331871019
171.4857142826016
112.10375448997354
155.7287383254696
103.47923175818708
159.70558487287863
103.04905849322529
139.3550804150707
102.53465549806118
117.16054650676217
102.31505655860516
139.90859007068585
131.05243558084305
102.27895810280417
102.85352519096992
97.18606763021454
157.17568476215928
205.88453445629472
151.1412262340938
98.6510632948047
144.90521799447285
119.3174292408713
125.93547947105276
213.15536509554406
137.58926428547227
129.29865226984498
120.14769372429407
115.91815798627812
119.60922509192932
121.24869662622426
117.7922694832795
98.40439051349794
121.43821351917946
103.20548513502958
143.22363159507674
97.20411685811503
101.61414487513595
103.07914053972611
102.8745826235205
138.10968368993653
110.75006239743642
138.5940046385998
176.3259155645843
97.97722545318624
102.6519754794144
102.67904932126514
202.6747800946567
134.93301957944945
103.44313330238609
102.29399912605459
135.94377634187717
97.05671483026099
102.57977856781241
102.83547596306943
102.77832007471785
150.11242024376563
102.91669748862165
102.60986061431325
103.15434565597818
97.48387989057271
118.33976272959451
157.89163746887888
114.40202284263654
115.03976222845404
115.86401030257663
118.47814014349831
108.01259616586137
143.8493381622939
111.4389412623053
107.85015311475692
109.06546779339024
120.00029169644003
161.7872624907357
108.71651605398067
120.00931631039028
147.1312894355339
122.0157888119953
109.52271490020277
107.56738187764917
142.70321219061248
121.27276226342492
175.83557820662085
119.15197798511677
192.5160729913282
124.229827434456
135.23083183980762
136.07914555113086
113.21679021050406
103.60858455814062
102.95279594442265
103.25963281873106
98.16072593684126
155.30758967445806
102.28196630745425
130.16200700441863
97.45680604872196
124.52763969481416
101.89992431689377
103.02499285602462
139.24076863836754
118.4450498923474
197.5096927104651
110.64176703003345
100.9342906242173
103.76200299529484
103.26264102338114
103.1663784745785
99.25872063412136
102.93474671652216
103.88233118129813
140.16428746594286
98.58789099715297
103.05808310717553
145.14888257112952
115.16309861910742
98.0343813415378
102.62790984221374
152.02864660586815
156.84478225065018
147.14933866343438
161.6639261000823
122.59637230946122
169.72892276695345
110.02809328141663
135.7452348349717
120.00329990109012
124.35617202975946
149.652164932303
137.92016679698133
137.90512577373093
108.6593601656291
129.95444088356294
148.85499070003115
156.20403466018263
115.82490364212556
160.69528420275577
111.87513093656727
110.59363575563214
111.07194029499524
106.85142917092953
181.94825005558846
129.25352920009374
109.83255997916126
104.31551265091001
135.25790568165834
103.09117335832644
118.34577913889467
114.69682689834463
123.39053833708299
115.22627091675915
102.7031149584658
133.34769572885597
101.62617769373627
102.67303291196498
103.1994687257294
98.43748076464885
102.26692528420384
114.20648954038118
151.09008675504242
98.62398945295396
133.1882608824016
286.4683206227041
122.45799489555742
111.3035720530516
138.53985695489834
108.42171199827258
107.34477473354306
107.90129259380832
109.97394559771514
160.09364327273926
135.14961031425537
141.50895494452973
107.8712105473075
207.5871782882414
109.17677136544329
103.01897644672447
108.60220427727754
108.87895910508512
126.84997368467783
143.59965717633705
165.28881270343172
117.18160393931275
118.31268888774376
113.54468451736304
118.18333608779022
119.3023882176209
135.80239072332327
131.73228983176168
120.108587063843
110.74103778348618
113.61387322431494
97.95917622528573
103.3889856186846
102.82043493981901
102.50758165621043
98.51569408555099
310.245170176956
242.28982713159283
176.42217811338693
92.55644067373761
160.02746277043747
109.23091904914477
112.57905082468656
99.24668781552103
102.82645134911918
131.1998376086971
101.71943203788884
98.69317815990586
102.3932698795073
155.3707619721098
103.19044411177916
98.19080798334208
102.34513860510599
102.54067190736134
102.04732634474782
98.93985094121263
103.48223996283716
103.34687075358345
129.18734869779192
98.5126858809009
110.4612747510285
131.6270026690088
119.24523232926933
112.29327138292874
155.13311380475326
121.53146786333201
121.74204218883779
113.09947022915084
113.62590604291526
210.01780764550804
154.37504623293248
104.60430029731792
110.99071876944302
109.6731251327069
109.4144195327998
105.77750011085008
128.85343798163277
110.03711789536688
114.49226898213902
119.16100259906702
145.59409685934173
164.21488364335227
177.86611634542655
114.80813047039769
110.95462031364202
110.05817532791745
312.8984066783287
98.65707970410487
139.22271941046705
103.45516612098642
129.80102244640875
141.49090571662924
102.19472837260186
145.67231018024387
152.0858024942197
98.59089920180305
130.56811463217977
111.91423759701834
157.90066208282914
141.14797038651983
108.95115601668711
143.70494433908993
187.09228000722948
111.29153923445126
110.76510342068683
157.31105397141297
109.05644317943998
104.90812896697625
107.69372647295262
156.3424120740864
154.94359691179807
102.17667914470137
107.01086401738391
169.19346233923875
107.27859423124124
152.30840963832583
111.74878634126381
130.79974639023612
107.52526701254801
161.78425428608563
125.2766826526847
171.97304343591497
116.31824920473909
110.59363575563214
134.4607314493865
117.31396494391639
118.20740172499087
118.08707353898758
125.06911653182901
120.72226081245982
121.47732017963052
290.78509429557243
103.12125540482727
103.0640995164757
118.03894226458625
98.60293202040339
102.22481041910268
162.53329724395616
128.78424927468086
