165.96866695435034
88.72097974488246
185034.68005939169
999.9392585060152
1000.4205712500284
2000.4560923048464
2000.4651169187964
1999.827377532979
2000.9253722302592
2000.441051281596
2000.3568215513935
2000.0620174956855
2000.8892737744582
1999.974779560833
2000.5643876722493
2000.3177148909424
1999.7401395981267
2000.2334851607402
2000.6516256071016
2000.6365845838511
2000.2334851607402
2000.552354853649
2000.2515343886407
1999.8875416259807
1000.5108173895309
1000.805621445239
2000.811060453556
2000.3869035978944
2000.158280044488
1999.6619262772244
2000.4530841001963
2000.7448799512542
2000.0710421096358
2000.5102399885477
2000.2334851607402
2000.5854451047999
2000.4260102583455
2000.3538133467434
1999.86347598878
2000.919355820959
2000.5132481931978
2000.4230020536954
2000.371862574644
2000.2876328444418
2000.158280044488
1000.2250379477731
1001.1846552311493
2000.2364933653903
2000.2816164351416
2000.8050440442557
2000.3177148909424
2000.1733210677385
2000.5162563978479
2000.5673958768994
2000.1312062026373
2000.94943786746
2000.0590092910354
1999.3941960633672
2000.94943786746
1999.794287281828
2000.768945588455
2000.0379518584848
2000.738863541954
2000.5704040815494
2000.155271839838
2000.2425097746905
1000.5078091848808
1001.1455485706983
2000.3147066862923
1999.6679426865246
2000.4290184629956
2000.2996656630419
2000.4951989652973
2000.3327559141928
2000.6576420164017
2000.1342144072873
2000.5854451047999
2000.1673046584383
2000.5102399885477
2000.341780528143
2000.302673867692
1999.9838041747832
2000.8381342954067
2000.6125189466507
2000.4320266676457
2000.3598297560436
2000.260559002591
1000.3934974081777
1001.2658767567016
1999.9507139236325
2000.2304769560901
1999.6228196167733
2000.8230932721563
2000.4560923048464
2000.0920995421864
2000.0890913375363
2000.811060453556
2000.3658461653438
2000.5944697187501
2000.3177148909424
2000.3628379606937
2000.1011241561366
2000.7478881559043
2000.5132481931978
2000.4380430769459
2000.010878016634
2000.621543560601
2000.2364933653903
1000.4656943197797
1000.9590398823932
2000.191370295639
2000.3147066862923
2000.0740503142858
2000.3869035978944
2000.486174351347
2000.2304769560901
2000.257550797941
2000.5643876722493
2000.441051281596
2000.1612882491381
2000.3959282118446
2000.5282892164482
2000.007869811984
2000.630568174551
2000.6726830396522
2000.4230020536954
1999.86046778413
2001.0426922116123
2000.3327559141928
999.9422667106653
1001.1395321613982
2000.7448799512542
2000.3237313002426
1999.9958369933836
2000.552354853649
2000.22446054679
2000.6185353559508
2000.4019446211448
2000.3838953932443
1999.8514431701797
2000.188362090989
2000.3808871885942
2000.5974779234002
2000.2485261839906
2000.4199938490453
2000.371862574644
2000.6004861280503
2000.2725918211913
2000.1853538863388
2000.1071405654368
1000.7033424871362
1000.877818356841
2000.735855337304
2000.0048616073339
2000.0951077468364
2000.2003949095892
2000.4290184629956
2000.22446054679
2000.489182555997
2000.2545425932908
2000.188362090989
2000.8772409558578
2000.4019446211448
2000.4921907606472
2000.0259190398845
2000.5373138303985
2000.7117897001033
2000.1642964537882
2000.7809784070553
2000.125189793337
2000.4230020536954
999.9542995292657
1001.4854756961577
1999.8333939422791
2000.522272807148
1999.3280155610653
2000.8230932721563
2000.4801579420468
2000.338772323493
2000.2425097746905
2000.5373138303985
2000.4801579420468
2000.341780528143
2000.441051281596
2000.4801579420468
2000.404952825795
2000.410969235095
2000.1612882491381
2000.5704040815494
1999.9958369933836
2000.7298389280038
2000.7990276349556
999.7527498177101
1000.8597691289405
2000.3477969374433
2000.4711333280966
2000.5433302396987
2000.6847158582525
1999.9807959701332
1999.935672900382
1999.977787765483
2001.4939229091246
1999.6589180725744
2000.3628379606937
2000.2455179793405
2000.8381342954067
2000.2966574583918
2000.2425097746905
2000.2094195235395
2000.6365845838511
2000.22746875144
2000.3116984816422
2000.1733210677385
1000.7334245336369
1000.1347918082706
2001.397660360322
1999.896566239931
2000.2665754118912
2000.994560937211
1999.9537221282826
2001.358553699871
1999.4453355424187
1999.9657549468827
2000.663658425702
1999.7882708725278
2001.0817988720635
2000.5072317838976
2000.194378500289
2000.2906410490916
2000.7087814954532
1999.9657549468827
2000.6726830396522
2000.2725918211913
2000.080066723586
1000.6040717336834
1000.9470070637929
2000.4290184629956
2000.555363058299
1999.4573683610188
2000.3989364164947
2000.1462472258877
2000.3929200071946
2000.633576379201
2000.486174351347
2000.4019446211448
2000.3297477095427
2000.5343056257484
2000.4470676908961
1999.785262667878
2000.5433302396987
2000.9434214581597
1999.9898205840834
2000.1402308165875
2000.9584624814102
1999.9085990585313
1000.5529322546321
1002.1322396959254
1998.8015797473008
2000.8411425000568
2000.335764118843
1999.9025826492311
2000.3869035978944
2000.483166146697
1999.7100575516258
2000.817076862856
2000.3508051420933
2000.4380430769459
2000.0289272445345
2001.0908234860137
1999.9537221282826
2000.669674835002
2000.2695836165412
2000.483166146697
2000.5673958768994
2000.4350348722958
2000.3147066862923
1000.1829230826719
1000.3543907477266
2001.1479793743651
1999.5415980912212
2000.1011241561366
2000.9043147977086
2000.2334851607402
2000.046976472435
2000.58845330945
2000.6937404722028
1999.7100575516258
2000.922364025609
2000.125189793337
2000.6034943327004
2000.883257365158
1999.8725006027303
2000.407961030445
2000.5132481931978
2000.5704040815494
2000.3447887327932
2000.1853538863388
1000.2009723105724
1000.4717107290799
2000.4591005094962
2000.3808871885942
2000.3808871885942
2000.4139774397452
2000.3959282118446
2000.3688543699939
2000.8772409558578
1999.8725006027303
2000.3628379606937
2000.486174351347
2000.4591005094962
2000.3207230955925
2000.7208143140535
2000.335764118843
2000.3177148909424
2000.2725918211913
2000.3989364164947
2000.3297477095427
2000.0319354491846
1000.8567609242904
1000.3634153616769
1999.7702216446276
2000.6185353559508
2000.6726830396522
2000.305682072342
2000.0499846770851
2000.6847158582525
1999.974779560833
2001.1239137371647
2000.3477969374433
2000.22746875144
2000.1432390212376
2000.6065025373505
2000.4801579420468
2000.5704040815494
2000.1853538863388
2000.4711333280966
1999.8544513748298
2000.771953793105
2000.6937404722028
1000.0746277152689
1000.4386204779289
2000.2966574583918
2000.2846246397917
1999.977787765483
2000.8080522489058
2000.5102399885477
2000.1733210677385
2000.3838953932443
2000.6125189466507
2000.0620174956855
2000.5012153745975
2000.125189793337
2001.0426922116123
2000.4260102583455
2000.1492554305378
2000.2756000258414
2000.6516256071016
2000.1342144072873
2000.4621087141463
2001.0035855511612
999.7286841805094
1000.6732604406353
2000.2364933653903
2000.0981159514865
2000.2816164351416
2000.4651169187964
2000.5463384443487
2000.5764204908496
1999.9266482864318
2001.0035855511612
2000.3116984816422
2000.158280044488
2000.486174351347
2000.260559002591
2000.1793374770386
2000.738863541954
2000.3177148909424
2000.522272807148
1999.9868123794333
2000.7178061094035
2000.194378500289
1000.6161045522838
1000.0656031013186
2000.3177148909424
2000.4470676908961
2000.6426009931513
2000.302673867692
2000.1492554305378
2000.7087814954532
2000.3899118025445
2000.4651169187964
2000.1492554305378
2000.3508051420933
2000.519264602498
2000.4681251234465
2000.305682072342
2000.1823456816887
2000.732847132654
2000.4530841001963
1999.7070493469757
2001.0426922116123
2000.5704040815494
1000.0355210548179
1000.3032512686752
2000.444059486246
2000.4019446211448
2000.0289272445345
2000.6817076536024
1999.9085990585313
2001.0096019604614
2000.2455179793405
2000.624551765251
2000.335764118843
2000.2695836165412
2000.5403220350486
2000.3808871885942
2000.4230020536954
1999.7702216446276
2001.1931024441164
2000.1462472258877
2000.4530841001963
2000.5914615141
2000.155271839838
1000.2821938361246
1000.2972348593751
2000.404952825795
2000.1673046584383
2000.2545425932908
2000.5734122861995
2000.5433302396987
2000.2485261839906
2000.3086902769921
2000.7930112256556
2000.3327559141928
2000.2304769560901
2000.2695836165412
2000.6065025373505
2000.4951989652973
2000.2515343886407
2000.0529928817352
2000.8321178861065
2000.6426009931513
2000.1462472258877
2000.113156974737
1000.4356122732788
1000.5559404592822
1999.8514431701797
2000.8080522489058
2000.3297477095427
2000.2665754118912
2000.338772323493
2000.558371262949
2000.3838953932443
2000.5343056257484
1999.9055908538812
2000.8892737744582
2000.4470676908961
2000.6185353559508
2000.2996656630419
2000.338772323493
1999.9416893096823
2000.8712245465576
1999.794287281828
2000.7599209745047
2000.5914615141
1000.11373437572
1000.2972348593751
2000.633576379201
2000.0981159514865
1999.9507139236325
2001.0727742581132
2000.0259190398845
2000.4801579420468
1999.977787765483
2000.9765117093104
2000.0199026305843
2000.489182555997
2000.8591917279573
2000.441051281596
2000.0680339049857
2000.6726830396522
1999.9477057189824
2000.922364025609
2000.010878016634
2000.6606502210518
2000.1522636351879
1000.3393497244762
1000.5408994360317
1999.6168032074734
2000.883257365158
2000.3568215513935
2000.558371262949
2000.2094195235395
2000.441051281596
2000.0620174956855
2000.774961997755
2000.5794286954997
2000.158280044488
2000.0920995421864
2000.814068658206
2000.4801579420468
2000.5373138303985
2000.3508051420933
2000.4621087141463
2000.4591005094962
2000.0920995421864
1999.9055908538812
1000.7334245336369
1000.6311455755342
2000.1612882491381
2000.3147066862923
2000.1221815886872
2000.7178061094035
2000.2936492537417
1999.8514431701797
2001.0426922116123
2000.441051281596
2000.624551765251
2000.188362090989
2000.3628379606937
2000.5974779234002
2000.2816164351416
2000.441051281596
2000.3267395048927
2000.6125189466507
2000.007869811984
2000.5343056257484
2000.0860831328862
1000.8296870824396
999.8309631386122
2000.699756881503
2000.2064113188894
2000.444059486246
2000.489182555997
2000.302673867692
2000.6185353559508
1999.9928287887335
2000.7930112256556
1999.782254463228
2000.7599209745047
2000.1823456816887
2000.768945588455
2000.4921907606472
2000.2756000258414
2000.6155271513007
2000.3778789839441
2000.5162563978479
2000.125189793337
2000.6967486768528
999.821938524662
1000.3513825430765
2000.58845330945
2000.3267395048927
2000.6065025373505
2000.194378500289
2000.5824369001498
2000.0981159514865
2000.4982071699474
2000.4320266676457
2000.486174351347
1999.9176236724816
2000.732847132654
2000.5102399885477
2000.194378500289
2000.4199938490453
2000.6426009931513
2000.2425097746905
2000.1041323607867
2000.7599209745047
2000.5072317838976
999.3406257806488
1000.9650562916934
2000.483166146697
2000.4951989652973
2000.6275599699009
1999.9176236724816
2000.6155271513007
2000.2996656630419
2000.5012153745975
2000.2695836165412
2000.4019446211448
2000.5974779234002
2000.263567207241
2000.335764118843
2000.4530841001963
2000.4290184629956
2000.705773290803
2000.0529928817352
2000.404952825795
2000.0018534026838
2001.0938316906638
999.9242174827648
1000.333333315176
2000.7238225187036
2000.2485261839906
2000.3447887327932
2000.2816164351416
2000.5643876722493
2000.3538133467434
2000.6155271513007
2000.0349436538347
2000.5433302396987
2000.2876328444418
2000.4921907606472
2000.407961030445
2000.2154359328397
2000.4470676908961
2000.4681251234465
2000.4500758955462
2000.0259190398845
2000.6726830396522
2000.3086902769921
1000.2491035849737
1000.5017927755806
2000.6967486768528
1999.8183529190287
2000.7238225187036
2000.6426009931513
2000.3447887327932
2000.1312062026373
2000.3989364164947
2000.2545425932908
2000.5613794675992
2000.2034031142393
2000.814068658206
2000.2184441374898
2000.3147066862923
2000.2334851607402
2000.817076862856
2000.1101487700869
2000.4230020536954
2000.4320266676457
2000.4230020536954
1000.0926769431694
1000.7394409429371
1999.8875416259807
2000.6034943327004
2000.5072317838976
2000.1071405654368
2000.4621087141463
2000.5162563978479
1999.785262667878
2000.9404132535096
2000.519264602498
2000.5794286954997
2000.260559002591
2000.3568215513935
2000.4199938490453
1999.932664695732
2000.8230932721563
2000.2725918211913
2000.6576420164017
2000.5673958768994
2000.2304769560901
999.8821026176637
1000.3453661337763
2000.705773290803
2000.1853538863388
2000.5162563978479
2000.2966574583918
2000.3688543699939
2000.1703128630884
2000.8742327512077
2000.1191733840371
2000.2425097746905
2000.4350348722958
2000.1492554305378
2000.9374050488595
2000.4801579420468
2000.2816164351416
2000.374870779294
2000.6606502210518
2000.2003949095892
2000.4921907606472
2000.4621087141463
999.8008810921115
1000.5318748220815
2000.5433302396987
2000.2184441374898
2000.6034943327004
2000.2756000258414
2000.3327559141928
2000.080066723586
2000.811060453556
2000.2184441374898
2000.6576420164017
1999.7732298492776
2000.8441507047069
2000.3688543699939
2000.404952825795
2000.1191733840371
2000.8261014768063
2000.3086902769921
2000.6756912443022
2000.22446054679
2000.4470676908961
1000.1799148780218
1000.3243087012257
2000.4560923048464
2000.444059486246
2000.2966574583918
2000.3598297560436
2000.2906410490916
2000.3508051420933
2000.2816164351416
2000.486174351347
2000.6155271513007
2000.3327559141928
1999.8213611236788
2000.9765117093104
1999.932664695732
2000.7478881559043
2000.2395015700404
2000.5072317838976
2000.9043147977086
1999.932664695732
2000.4681251234465
1000.3573989523767
1000.1047097617698
2000.6907322675527
2000.0951077468364
2000.702765086153
1999.9627467422326
2000.5854451047999
2000.522272807148
2000.374870779294
2000.486174351347
2000.3989364164947
2000.3598297560436
2000.407961030445
2000.2334851607402
2000.732847132654
2000.3327559141928
2000.3297477095427
2000.2003949095892
2000.6155271513007
2000.2786082304915
2000.5734122861995
999.8279549339621
1000.3995138174778
2000.5643876722493
2000.3869035978944
2000.4260102583455
2000.2906410490916
2000.4290184629956
2000.3658461653438
2000.4921907606472
2000.4230020536954
2000.4230020536954
1999.6890001190752
2001.096839895314
2000.0529928817352
2000.6065025373505
2000.522272807148
2000.4260102583455
2000.404952825795
2000.3598297560436
2000.7960194303055
2000.0289272445345
1000.1378000129207
1000.3062594733253
2000.5343056257484
2000.077058518936
2000.624551765251
1999.5987539795728
2001.4096931789225
1999.9838041747832
2000.8682163419076
2000.1703128630884
2000.6606502210518
2000.1793374770386
2000.5613794675992
2000.155271839838
1999.9988451980337
2000.8591917279573
1999.977787765483
2000.850167114007
2000.5463384443487
1999.1836217378614
2001.7857187601828
999.8309631386122
1000.1618656501213
2000.4169856443953
2000.305682072342
2000.666666630352
2000.404952825795
2000.3568215513935
1999.9266482864318
2000.9855363232607
2000.2124277281896
2000.486174351347
2000.305682072342
2000.4350348722958
2000.3267395048927
2000.6486174024515
2000.0529928817352
2001.033667597662
1999.8183529190287
2000.5463384443487
2000.519264602498
2000.3628379606937
1000.1829230826719
1000.4656943197797
2000.2846246397917
2000.2214523421399
2000.5373138303985
2000.2304769560901
2000.483166146697
2000.3267395048927
2000.6847158582525
2000.1281979979872
2000.5764204908496
2000.3086902769921
2000.0951077468364
2000.705773290803
2000.489182555997
2000.1402308165875
2000.705773290803
2000.3628379606937
2000.3989364164947
2000.2034031142393
2000.735855337304
1000.0505620780683
1000.1498328315209
2000.552354853649
2000.0590092910354
2000.2936492537417
2000.880249160508
2000.4591005094962
2000.077058518936
2000.4771497373968
2000.3116984816422
2000.630568174551
2000.3267395048927
2000.5252810117981
2000.3267395048927
2000.6065025373505
2000.1492554305378
2000.4651169187964
2000.5734122861995
2000.1853538863388
2000.489182555997
2000.6786994489523
999.8129139107117
1000.261136403574
2000.5643876722493
2000.338772323493
2000.3989364164947
2000.3658461653438
2000.4951989652973
2000.2786082304915
2000.1733210677385
2000.630568174551
2000.5613794675992
2000.302673867692
2000.2876328444418
2000.4560923048464
2000.441051281596
2000.5012153745975
2000.6606502210518
2000.1041323607867
2000.441051281596
2000.2996656630419
2000.5343056257484
1000.1227589896703
1000.1347918082706
2000.4651169187964
2000.5102399885477
2000.519264602498
2000.2034031142393
1999.9116072631814
2000.8621999326074
2000.5974779234002
2000.2725918211913
2000.5012153745975
2000.1973867049392
2000.6275599699009
2000.194378500289
2000.0229108352344
2000.9584624814102
2000.4019446211448
2000.2846246397917
2000.6756912443022
2000.1703128630884
2000.5132481931978
1000.1889394919721
1000.0535702827184
2000.2184441374898
2000.669674835002
2000.5102399885477
2000.0650257003356
2000.4711333280966
2000.5704040815494
2000.158280044488
2001.0547250302127
1999.6709508911747
2000.7990276349556
2000.811060453556
2000.010878016634
2000.4651169187964
1999.8484349655296
2001.063749644163
2000.4230020536954
2000.4230020536954
1999.713065756276
2000.4290184629956
1000.2099969245227
1000.5679732778824
2000.58845330945
2000.263567207241
2000.080066723586
2000.7178061094035
2000.4260102583455
2000.3207230955925
2000.5673958768994
2000.2906410490916
2000.4350348722958
2000.1402308165875
2000.338772323493
2000.7930112256556
2000.7779702024052
2000.4530841001963
2000.0710421096358
2000.2665754118912
2000.5282892164482
2000.3447887327932
2000.5613794675992
1000.0986933524696
1000.0024308036669
2000.6877240629026
2000.2003949095892
2000.6125189466507
2000.2816164351416
2000.3778789839441
2000.2545425932908
2000.0951077468364
2000.8531753186571
2000.3508051420933
2000.2816164351416
2000.6907322675527
2000.3207230955925
2000.302673867692
2000.4139774397452
2000.5704040815494
2000.1221815886872
2000.916347616309
2000.3116984816422
2000.4982071699474
999.8851108223138
1000.2882102454248
2000.404952825795
2000.5613794675992
2000.4169856443953
2000.2665754118912
2000.4470676908961
2000.113156974737
2000.6907322675527
2000.441051281596
2000.2936492537417
2000.5433302396987
2000.3237313002426
2000.2816164351416
2000.5854451047999
1999.8484349655296
2000.5252810117981
2000.5944697187501
2000.621543560601
2000.0590092910354
2000.7659373838048
1000.0355210548179
1000.3604071570268
2000.3899118025445
2000.341780528143
2000.4290184629956
2000.4139774397452
2000.5463384443487
2000.4681251234465
2000.4951989652973
1999.9687631515328
2000.5252810117981
2000.6877240629026
1999.8213611236788
2000.5463384443487
2000.6125189466507
2000.3086902769921
2000.7508963605544
2000.113156974737
2000.6456091978014
2000.1673046584383
2000.663658425702
999.9272256874149
1000.0896687385193
2001.0757824627633
1999.8484349655296
2000.5974779234002
2000.3899118025445
2000.305682072342
2000.3959282118446
2000.2936492537417
2000.7178061094035
2000.263567207241
2000.2876328444418
2000.6095107420006
2000.3297477095427
2000.2725918211913
2000.302673867692
2000.6937404722028
2000.4982071699474
2000.341780528143
2000.1733210677385
2000.0710421096358
1000.4356122732788
1000.3754481802772
2000.7629291791548
2000.2665754118912
2000.2906410490916
2000.3327559141928
2000.519264602498
2000.1432390212376
2000.814068658206
2000.1342144072873
2000.6546338117516
2000.155271839838
2000.5252810117981
2000.4230020536954
2000.3568215513935
2000.3297477095427
2000.5343056257484
2000.2334851607402
2000.5734122861995
2000.2786082304915
2000.5613794675992
1000.0084472129671
1000.2852020407747
2000.5673958768994
2000.3568215513935
2000.374870779294
2000.113156974737
2000.5974779234002
1999.7311149841764
2001.391643951022
2000.2515343886407
2000.2786082304915
2000.3116984816422
2000.633576379201
2000.0981159514865
2000.8742327512077
1999.935672900382
2000.6937404722028
2000.404952825795
2000.4290184629956
2000.0229108352344
1000.5258584127813
1000.3934974081777
999.5933149712557
