40006.00835428409
40007.52749763238
40008.1953190647
40008.73077949241
40007.80425246019
40008.14417958565
40008.366786729755
40007.75010477649
40007.771162209036
40008.529229780856
40008.08401549265
40007.84035091599
40008.667607194766
40007.63278479513
40008.30060622745
40008.2975980228
40008.032876013596
40008.0749908787
40008.47508209716
40007.641809409084
40008.79996819937
40007.85238373459
40007.80425246019
40008.402885185555
40008.327680069306
40007.692948888136
40007.80124425554
40008.72476308311
40008.261499567
40007.93661346479
40008.38182775301
40007.66888325094
40008.23442572515
40008.84809947377
40007.686932478835
40008.059949855444
40008.37881954836
40007.641809409084
40008.61045130641
40007.72002272998
40007.774170413686
40008.84509126912
40007.54253865563
40008.98346868302
40007.40115303708
40008.1291385624
40008.50817234831
40008.1231221531
40008.2735323856
