23980.983313601835
6625.354151071847
20600.459190387952
3445.657770297469
4084.0288790914715
6655.854338019033
19730.020133863334
4798.167638407101
4792.948403339207
12060.671567185016
14566.716615029223
5402.714494115576
6329.713814471041
20690.455648904466
5696.998130419194
13534.057114544261
15903.481540000324
6065.079043198635
22856.230635959248
5922.848119138086
10358.172129061539
19961.955720589343
5947.166445529353
18271.838052805608
10605.094591354258
9459.45594882615
21459.76788970726
5790.159220227598
16587.285563624522
13530.967688368626
7483.252002410268
23338.767719265026
5687.465129883082
14834.407722226113
14931.064345837913
6455.207087858532
21493.26725669058
5851.5506607264815
12261.44215373617
16784.864445041938
5702.993482286808
20251.666885824838
8315.498892697435
9793.841961320017
20581.645878506333
5812.901247382221
16069.116296238515
13268.234102435074
7782.700726098077
23256.893413303733
