176.241685834382
176.52746527613982
219.59292304672056
131.78643751546318
129.87021115336063
188.7377679508246
155.6625578231678
160.99309646311391
143.2627382555278
156.23712491133352
147.46820835634313
145.02855438512623
170.4238180411225
180.05909753533666
125.980602540804
147.86228316550392
172.1384946916695
146.9417725425787
120.108587063843
120.09354604059259
128.24277243766602
135.51059487226527
159.1610998312137
122.41588003045626
135.573767169917
111.09299772754582
110.00101943956588
111.88415555051752
195.8431473343194
110.97266954154253
111.92927862026875
139.6468762661287
106.29791951531436
111.6976468622124
160.21697966339266
169.9936447761607
106.06628775725801
124.88260784352389
120.12964449639358
110.29582349527396
106.4633707710689
158.68881170115074
207.59620290219164
164.10959648059938
152.36857373132747
209.98170918970703
136.5333844532933
153.92983194472026
183.86447641769098
181.62336395337954
181.70759368358185
143.09127059047313
134.67732218419243
109.84158459311152
184.2916414780027
110.93055467644137
106.92362608253151
148.37367795601796
111.646507383161
161.74213942098447
107.305668073092
173.14022684014697
114.15835826597987
124.52463149016408
105.49472887374233
110.09728198836852
164.3261872154053
110.51843063938007
104.9171535809265
109.87467484426242
152.12190095002072
109.85060920706177
104.79080898562303
110.07622455581794
110.89144801599029
124.83748477377266
107.44705369164586
111.3366623042025
110.05516712326737
167.2982934096868
106.64386305007385
152.58516446613342
176.29583351808347
186.40941755166077
106.62280561752327
111.49910535530695
111.30958846235175
151.83612150826286
107.56437367299908
109.67914154200706
169.07915056253563
122.29254363980289
106.18962414791139
110.62973421143312
110.27476606272339
110.48534038822916
106.41824770131765
110.64176703003345
111.09299772754582
163.13794637862273
173.46511294235586
135.8685712256251
171.42555018959996
147.45918374239287
136.51232702074273
185.81379303094442
121.22763919367368
115.19318066560824
109.87467484426242
120.48160444045322
116.82362758595293
186.01534274249997
111.1651946391478
163.97121906669557
114.2395797915321
134.05763202627546
110.1032983976687
118.62253396670226
209.52145387824442
117.90658125998263
144.32764270165703
137.02372181125676
162.17832909524643
128.03520631681033
137.18014845306107
160.0515284076381
156.7064048367464
133.86811513332026
147.6276432027975
185.7686699611932
135.8685712256251
172.09036341726818
106.14149287351007
151.83912971291295
111.07194029499524
110.26273324412305
106.46637897571898
145.64222813374306
110.83730033228882
110.34696297432536
106.11441903165932
165.0481563314251
123.75453109974296
114.82617969829818
106.82134712442871
169.86730018085723
119.76264352908352
112.36246008988063
156.58006024144294
160.83366161665955
138.96702201521003
149.15581116503938
106.7882568732778
110.60867677888254
111.14112900194715
111.02982542989409
106.16856671536081
111.6134171320101
146.81241974262514
111.57431047155902
106.79427328257796
214.5060489834311
122.03985444919596
175.67915156481658
106.5476005012712
110.56656191378138
139.92964750323642
146.38525468231342
106.09035339445866
109.96792918841498
147.7118729329998
110.44924193242818
106.95972453833251
110.49135679752933
111.12007156939657
110.86437417413956
154.31187393528074
110.71396394163543
117.52153106477208
120.91779411471519
104.11396293935448
144.86911953867187
132.04815132002034
180.43813132124706
189.84177905740486
134.79163396089555
150.12144485771586
174.00959798402081
124.99691962022703
118.76692778990622
117.67194129727619
118.69773908295433
166.16119205195562
176.25071044833226
165.09628760582643
139.30394093601927
128.73611800027953
138.01943755043405
117.23575162301424
116.80557835805244
110.61469318818271
153.76137248431564
131.99099543166878
181.20522350701808
132.08124157117126
214.7286561275372
585.2853213339966
153.20786282870048
160.62308729115378
174.92710040229596
110.4973732068295
121.8774113980915
105.6210734690458
111.18926027634846
109.88670766286275
110.03711789536688
106.3249933571651
111.08698131824566
162.5934613369578
138.93092355940905
105.58798321789489
192.4288350564758
124.3321063925588
146.94478074722878
115.9903548978801
109.63101026760575
110.67786548583445
164.12764570849987
106.47540358966923
110.24468401622256
111.65553199711124
107.79299722640535
147.70284831904956
111.02982542989409
111.23137514144962
109.82052716056094
106.05425493865768
118.33675452494442
125.34286315498652
110.02809328141663
106.61979741287318
168.77833009752737
155.15417123730384
140.17331207989312
186.01233453784988
115.29846782836113
186.13266272385317
114.2034813357311
108.84586885393422
120.12362808709342
115.87303491652688
116.21897845128636
123.17695580692713
157.20877501331017
162.32873932775055
114.72390074019538
182.1828900182949
117.71706436702743
114.98561454475255
115.6985590468221
110.50639782077974
156.42664180428872
196.74560872934416
128.91961848393458
119.46182306407528
146.81542794727523
124.28999152745764
128.78725747933095
122.94833225352086
178.06465785233198
127.68926278205085
146.2709429056103
107.70275108690288
133.3266382963054
112.01350835047106
111.56528585760877
120.24094806844663
110.78315264858733
124.05234336010113
110.29281529062389
106.79728148722805
130.8508858692875
192.43785967042604
125.92344665245243
108.50293352382481
190.283985140967
181.88206955328664
174.25627076532757
128.6579046793774
112.230099085277
111.71870429476297
111.95033605281932
134.00649254722404
140.65161661925623
116.77549631155162
111.2524325740002
181.29847785117065
113.1927245733034
157.60585802712106
112.11879551322394
133.97039409142306
129.14222562804068
212.17769858426726
180.5313856653996
123.14386555577622
126.67248961032297
155.03985946060072
130.0837936835165
118.14723763198923
119.19108464556784
132.94158810109485
118.86018213405877
130.23119571137053
174.818805034893
118.393910413296
117.51250645082183
114.30576029383391
172.93266071929128
117.46738338107059
117.59372797637405
111.76382736451421
128.98579898623638
197.214888654757
129.1031189675896
143.14241006952452
130.54104079032902
189.93202519690735
222.7756035665078
169.50330741819724
111.44796587625555
111.47804792275637
169.49127459959692
156.10175570207983
111.95033605281932
111.7156960901129
141.28333959577355
127.56291818674738
111.2012930949488
163.6102345086857
111.80895043426545
155.15116303265376
167.5720400328443
121.51341863543152
120.37330907305027
107.83812029615659
173.8742287747671
112.80466617344275
111.90822118771817
106.87850301278027
115.02171300055353
112.66328055488887
111.85106529936661
146.50257466366665
112.20603344807634
113.09345381985067
111.61943354131026
107.04696247318489
113.39427428485892
111.94732784816925
111.80594222961537
145.4617358547381
466.280745376734
136.8793279880528
120.82453977056264
163.48990632268237
148.15407901656192
186.37331909585978
174.5059517512844
207.08480811167763
127.58397561929796
248.00240776209947
161.30594974672252
118.76692778990622
146.34614802186235
111.05088286244467
111.18926027634846
106.67394509657467
112.30229599687898
163.3184386576277
111.5261791971577
149.7905423462068
125.52034722934138
161.5135158675782
222.06566726908835
107.07102811038556
118.12016379013849
163.1289217646725
111.63146635991059
106.8574455802297
111.61943354131026
113.49354503831164
111.85708170866677
133.21834292890244
112.01952475977123
141.30740523297422
110.65680805328387
107.52225880789793
144.00877300874828
160.41852937494818
112.0405821923218
107.91332541240865
127.53283614024656
178.22710090343642
130.8027545948862
121.08625357511981
126.33557068951373
141.44277444222791
115.77075595842408
131.23593606449808
117.60876899962446
116.12271590248372
116.46264302794305
110.0160604628163
116.06255180948207
123.901933127597
177.23439336890922
112.56701800608624
150.7140611737821
118.21642633894112
116.2310112698867
112.14887755972477
166.05590488920274
176.55153091334049
128.44432214922153
158.56547531049736
134.95407701200003
127.20193362873748
141.02463399586645
149.104671685988
864.3143518570469
120.11761167779325
122.74979074661542
136.229555783635
170.12600578076433
112.485796480534
110.45225013707825
156.2942807996851
112.23912369922725
112.5730344153864
110.68087369048452
135.5075866676152
175.11360909060107
185.29939003578033
136.6386716160462
106.40621488271732
111.56227765295868
162.63256799740887
111.44495767160548
106.3761328362165
112.11578730857387
111.39682639720415
159.6724946217277
147.16738789133487
111.26446539260053
110.97266954154253
112.07668064812279
106.54459229662112
112.42563238753236
159.97331508673597
111.44796587625555
105.92189393405405
119.60922509192932
151.0088652294902
184.53530605465937
121.29682790062559
206.6426020281155
174.64733736983828
146.9387643379286
127.02144134973253
132.56255431518446
118.49318116674871
129.62353837205387
116.49272507444387
154.22463600042835
121.47130377033037
115.7496985258735
115.96929746532952
122.64450358386253
178.2180762894862
117.35307160436746
155.40686042791077
129.82207987895933
130.01460497656458
144.27048681330544
122.58734769551096
120.98096641236693
161.7210819884339
170.09893193891358
112.41359956893203
112.54596057353567
110.97266954154253
111.88716375516759
167.27422777248614
112.37449290848096
112.07668064812279
111.24641616470004
163.40868479713015
111.34267871350266
143.11533622767377
138.3232662200924
106.66492048262442
142.14669433034723
151.16228366664438
557.2217801533773
184.4631091430574
117.29892392066597
120.54477673810496
116.9680214091569
155.2805158326073
143.53046846938517
116.48971686979378
117.57567874847356
112.57002621073632
120.76437567756098
121.5856155470335
174.5570912303358
113.90867728002303
116.42955277679214
116.44760200469263
168.76328907427697
115.49400113061648
134.8367570306468
144.30056885980628
126.2212589128106
180.34788518174457
132.66483327328726
133.31761368235516
123.20402964877788
123.15589837437655
172.15654391957
130.2552613485712
114.25762901943258
107.1672906591882
111.60138431340977
147.49528219819385
111.20430129959888
106.33702617576543
144.76383237591898
104.80885821352354
110.40411886267694
106.8032978965282
125.67376566649558
165.27377168018128
152.85289467999075
106.80931430582838
111.20730950424895
110.97868595084269
111.44194946695539
107.08907733828605
111.40284280650432
157.31406217606306
111.25844898330035
106.05425493865768
173.35080116565274
111.13812079729706
111.12007156939657
107.72982492875362
111.72171249941306
111.61040892736001
169.05809312998505
165.2527142476307
125.88734819665144
549.7734654397731
223.12756351056746
154.4923662142857
144.27048681330544
317.64234541150876
178.20905167553593
147.27568325873784
152.5520742149825
161.09537542121674
116.570938395346
117.81633512048016
121.38707404012806
147.63365961209766
118.47513193884822
117.62080181822479
127.64113150764952
173.507227807457
127.78853353550356
168.4835260418193
160.23803709594324
139.7280977916809
197.91580033822623
139.15653890816523
291.89211360680275
230.53376335907052
112.13082833182428
106.941675310432
110.98771056479293
111.27649821120086
111.45999869485588
180.70886973975448
111.5953679041096
112.03757398767172
133.63347517061382
106.23173901301254
111.60439251805984
154.28780829808008
120.56884237530562
169.5634715111989
126.38370196391504
126.02271740590515
118.80603445035729
118.98351852471215
179.07842281940978
164.11561288989955
116.25206870243727
111.99245091792048
121.1734915099722
118.67367344575366
132.64979225003685
111.6795976343119
115.1991970749084
150.0612807647142
118.8210754736077
113.73420141031824
180.88635381410933
116.3332902279895
128.5526175166245
113.50858606156206
223.76831110103504
125.82718410364978
127.65918073555002
118.7879852224568
137.45088687156849
128.08032938656157
128.16756732141397
123.91697415084742
123.95006440199832
164.78644252686794
129.42499686514844
174.25927896997766
194.30896296277734
160.4275539888984
153.3041253775031
106.7882568732778
139.61679421962785
163.06274126237068
111.39080998790399
106.53556768267087
176.47632579708844
162.97550332751828
147.8682995748041
107.62754597065081
111.24340796004995
113.28597891745595
126.27841480116216
107.68470185900237
112.35945188523054
130.5620982228796
111.68862224826215
106.36710822226625
111.56528585760877
144.30357706445636
110.99974338339327
107.18834809173877
111.50812996925721
168.33010760466507
110.07923276046803
107.42599625909529
255.45974708965392
182.2490705205967
197.651078329019
158.19546613853723
133.86510692867017
128.7962820932812
153.8606432377684
128.6398554514769
122.95134045817095
119.66036457098072
116.82964399525311
113.40029069415908
157.6178908457214
118.2555329993922
118.70676369690457
115.07586068425502
118.24350018079187
117.69299872982677
132.73703018488925
157.2057668086601
146.77030487752398
220.35099061854135
132.39108665012975
122.9934553232721
134.86082266784746
116.03246976298125
174.48790252338392
180.50431182354887
152.93411620554298
162.07605013714362
111.93529502956892
107.34477473354306
173.43503089585505
112.16692678762527
111.22535873214946
107.27558602659116
111.24039975539986
112.27522215502823
146.6319274636202
135.6790543326699
119.22718310136884
180.8893620187594
121.50138581683119
164.69920459201555
112.43766520613269
168.66401832082425
112.12481192252412
148.47595691412076
111.56528585760877
126.22426711746067
111.30056384840151
148.9121465883827
140.0559920985399
111.01478440664368
111.83602427611619
106.29491131066428
166.1852576891563
214.96931249954378
160.06957763553862
107.61852135670057
154.0802421772244
128.4352975352713
135.24286465840794
222.14989699929066
146.734206421723
138.56993900139915
129.23547997219325
125.18042010388206
128.9647415536858
130.37859773922457
127.05152339623335
107.48014394279677
130.42071260432573
112.26318933642791
152.2301963174237
106.19864876186163
110.52745525333032
112.12782012717419
111.84204068541636
147.10421559368314
120.2108660219458
148.1420461979616
185.85590789604558
107.22745475218984
111.6284581552605
111.8540735040167
211.63020533795225
144.34268372490743
112.50685391308458
111.23739155074978
144.92326722237334
106.17458312466097
111.55325303900844
111.85106529936661
111.72171249941306
159.01369780335966
111.80895043426545
111.50512176460713
112.06163962487238
106.43930513386823
127.75544328435265
167.17495701903343
123.58005523003818
124.17267154610443
125.1022067829799
127.72235303320174
117.05225113935921
152.78069776838876
120.43948957535207
116.8476932231536
117.99381919483503
128.90758566533424
170.9231800130362
117.7230807763276
128.9136020746344
156.0024849486271
131.02235353434222
118.55635346440044
116.57996300929626
151.7458753687604
130.43876183222622
185.1489798032762
128.32098575856816
201.86256483913445
133.22736754285268
144.51715959461222
145.0345707944264
122.47303591880782
112.61815748513764
111.88716375516759
112.32936983872972
107.50420957999744
164.2961051689045
111.26446539260053
139.08434199656327
106.45133795246856
133.47103211950935
111.00275158804335
111.98643450862032
148.484981528071
127.92691094940736
206.88927480942226
120.2981039567982
109.93183073261399
112.75051848974127
112.25717292712774
112.230099085277
108.22016228671706
111.9563524621195
112.81970719669316
149.26410653244236
107.60949674275032
112.10074628532345
154.02609449352292
124.0553515647512
106.98379017553316
111.55926944830861
161.04423594216533
165.90248645204852
156.1589115904314
173.63357240276048
131.7984703340635
178.75353671720086
119.31442103622123
144.84204569682112
128.95571693973557
133.8440494961196
158.75499220345256
147.19446173318562
146.93575613327852
117.63283463682512
138.8707594664074
157.81342414797675
165.2376732243803
124.75024683892026
169.86730018085723
120.80649054266213
119.47987229197577
120.08452142664234
115.89710055372754
191.2405942196932
138.50375849909733
119.40767538037379
113.63192245221543
144.35471654350775
112.07668064812279
127.33128642869103
123.45671883938479
132.35498819432877
124.16966334145434
111.7818765924147
142.27905533495084
110.57558652773164
111.71268788546281
112.20603344807634
107.47713573814669
111.27649821120086
123.20402964877788
160.14779095644076
107.60047212880006
142.63101527901048
295.78473042400947
131.7683882875627
120.55680955670529
147.72390575160014
117.58169515777372
116.30320818148867
117.0011116603078
119.09482209676521
169.07012594858537
144.17121605985272
150.63885605753003
116.86273424640402
216.75919426634286
118.22244274824129
112.02854937372148
117.54258849732265
117.81934332513023
135.7632840628722
152.69646803818645
174.62026352798753
126.30248043836282
127.4907212751454
122.78889740706649
127.35234386124161
128.45936317247197
145.11278411532854
140.94642067496432
129.3979230232977
119.94614401273854
122.5813312862108
106.89655224068078
112.4346570014826
111.77285197846446
111.56227765295868
107.70575929155295
320.32265575473224
252.31918143496782
185.73858791469237
101.5870710332852
169.47623357634652
118.59245192020144
121.80521448648952
108.06674384956285
111.77586018311455
140.06200850784006
110.80421008113791
107.62453776600073
111.46300689950597
164.33521182935556
112.4707554572836
107.17631527313844
111.354711532103
111.52317099250762
111.00575979269342
107.95243207285972
112.56400980143616
112.38050931778112
138.15480675968777
107.43802907769562
119.7656517337336
140.8110514657106
128.43228933062122
121.55553350053268
164.37431848980663
130.76063972978505
130.905033552989
122.3767733700052
122.55124923970997
218.9822575027538
163.34551249947842
113.40630710345924
120.04240656154118
118.67367344575366
118.37886939004558
114.71186792159504
137.85097809002946
118.8210754736077
123.56802241143785
128.19764936791478
154.88343281879642
173.39893244005407
186.94788618402552
123.75152289509288
120.17175936149474
119.31141283157115
322.0132667680786
107.62453776600073
148.2593661793148
112.41359956893203
138.70831641530296
150.46137198317518
111.01478440664368
154.6427764467898
161.02017030496467
107.53429162649826
139.50248244292473
120.89974488681469
166.8380380982242
150.12445306236594
118.24049197614178
153.25900230775187
197.73831626387135
120.48160444045322
119.79272557558434
166.29054485190917
118.10813097153816
113.93875932652385
116.71232401389989
165.409140889435
163.84186626674204
111.31861307630201
115.95124823742903
178.22108449413628
116.35434766054007
161.2578184723212
120.72526901710991
139.77622906608224
116.46264302794305
170.7817943944823
134.4276411982356
181.18717427911758
125.47823236424023
119.80475839418467
143.55152590193575
126.45289067086695
127.46665563794474
127.50576229839581
134.24113250993048
129.84614551615996
130.73958229723448
300.0684138457269
112.15790217367503
112.08570526207303
126.94924443813055
107.59144751484982
111.17722745774813
171.4857142826016
137.71861708542582
