2736.7852631959818
3374.863478443471
13543.491491105893
3842.9546109557523
13625.732907727577
4105.010464470761
13963.250234658464
11242.873501276923
10572.621087213738
16097.429948324847
15615.654296775336
6744.950447324012
17791.90934019966
16464.075495678037
15849.757702597677
5934.430459640158
15539.116613474429
16049.860396987471
7769.018052956329
15535.390169596325
16187.587327372074
16801.82525529291
6082.676311999178
17124.87015578322
16397.255933917964
16391.983400830653
5569.924797166516
15419.913386142527
15972.503289987084
8386.7277874081
14388.735632474458
16217.884874008887
16758.66225517862
5958.734537915599
17247.83743166475
16420.992360723263
16366.412224194739
5543.063959367214
15435.44841315844
16064.785512045246
8452.520562565718
14713.259650044687
16210.409423449762
16843.510570886196
5851.606707819455
17502.394555538263
16456.17851465812
16264.973443690493
5798.448386014242
15455.811521858226
