49.12889171654757
27.030237891022697
42.3335485024041
43.66869341134933
40.87806864458397
43.30733042499586
41.464701520349074
41.03636640471106
40.08837054259249
43.59312592857373
43.548000322745644
43.22101875035643
39.4193655292047
40.32545904305433
43.09316286717686
43.23606061896579
40.14495661974199
41.18284555378794
43.06307912995813
40.536045203585395
39.6525144926498
27.368679934733333
29.56085321468338
42.860013903731755
41.31428283425546
42.09287860465431
44.270010015995
41.9234785129346
40.79927790424922
42.055273933130906
41.9424599185607
41.611538809154744
38.09532295185208
41.99474831896467
41.961083184458005
41.8031435640597
38.208136966422295
41.893394775715876
44.29257281890904
41.98364598737204
40.21980782306001
36.559261655053234
34.4985256555707
39.199109595996184
28.60963409500566
33.82916250245412
37.71390414068613
28.779034186725372
39.813677370607245
43.055558195653454
45.45079670182988
42.83351156380097
41.6265806777641
45.53352697918137
45.225168672689456
42.5477160602231
39.21236076596158
44.75134981149457
44.61597299401031
44.3076146875184
41.16386414816184
29.68118816355827
30.76062130614436
41.87477150981857
41.88981337842793
41.551371334717295
43.687316677246635
44.251386750097694
39.89318439039958
41.5889760062407
43.660814337315855
43.91294470638706
39.844119247554765
44.10096806400408
41.49120386027985
43.45416771380153
40.07332867398313
43.412623505261394
43.77398649161486
44.51820084804947
39.93437045921093
31.94140799197924
33.911892779805605
33.00185972893923
30.11023955865387
31.602965948268608
34.268958089413545
28.831322587129346
39.03185834264924
42.3335485024041
41.14524088226454
44.22882394718365
40.13743568543731
43.70987948016068
44.450870579036135
41.720413286708215
40.348021845968375
44.420428702088614
41.6903295494895
44.07840526109004
37.29452251826798
26.447544552274334
56.8167191348465
46.05999238050902
41.36298983737149
42.03629252750481
41.79168309273829
44.75134981149457
38.29086724377378
42.39729737412949
44.021819183940536
42.15268793936296
38.381118455429956
42.634027734862535
44.14573553010337
41.61870160373063
40.156058951334614
44.07840526109004
44.063363392480674
44.06694478976862
40.25383109729547
32.68598048814264
32.91912945158774
31.561421739728466
29.70769050348905
34.280418560734965
47.24650930200461
30.783184109058404
41.1223199396217
46.33074601547753
45.43575483322052
45.82684341706392
39.36636084934314
43.05913959294139
45.54856884779073
42.949906975659125
39.1858584260308
43.329893227909906
42.814530158174875
43.03263725301061
41.389492177302266
29.376769394083098
41.635892310712755
34.280418560734965
30.275341973628052
36.63805239538799
47.664100225778796
48.67763565826672
48.218858665681196
48.64719378131921
50.565032029012805
51.53559069404542
46.65808572759554
50.644180909076354
51.33216732809024
50.39957147430983
46.5979182531581
51.19320911331805
50.14027831066274
50.44111568284997
47.131904588790434
31.798510240190307
38.631458125857186
37.44673190300556
36.08544279385835
28.82022025553672
47.14300692038305
44.77785215142535
41.224031622599284
45.319359421362364
44.935791771823645
44.54470318798025
38.40403939807279
25.63707434601278
44.97733598036378
41.638041149085524
38.8137512478135
44.950833640433004
44.86810336308152
44.72162421400464
41.0023431304756
36.31680105865948
54.97802976721645
34.45733958675936
34.652525738952264
35.15284694007793
36.968973504793944
43.98063311512919
26.703256318633482
45.6388200594469
45.33798268725967
44.63853579692436
43.175893144528345
44.13463319851075
43.412623505261394
45.31541988434563
39.355258517750514
45.76309454533853
47.03019290581284
45.98084350044548
39.483114400930084
30.764560843161096
48.94624045486247
33.03552486344589
30.918560926542657
34.2653766921256
36.78488968419366
37.70996460366939
34.05479053159454
54.67146215936851
53.70520117108143
55.212969429305524
45.67284333368236
54.07014555472284
53.36281959035405
52.58458195968399
48.92940788760914
52.896521663463844
57.71027775818833
52.78764718591037
49.45229189164885
35.423600575046436
31.948928926283923
39.1034862884081
57.811631301437124
56.7472400274604
53.37428006167547
49.86952467569423
46.54921125004207
49.98592008755239
52.44168420789506
49.346998811383315
50.30573886536572
55.27349504347176
52.336391127629525
52.26476318187066
51.1330416388806
54.87846692261163
56.73219815885104
54.352001521283974
46.19536919799328
33.70130661927454
33.50576232735284
35.95400551339083
40.18829152692611
43.6138980328438
41.35009680713489
35.74700075014771
36.224401008630544
29.425476397199127
47.2221558004466
42.149106542075025
39.35167712046257
46.338625089511005
45.097312789509886
44.73272654559727
38.29874631780726
45.24021054129882
44.88672662897882
45.119875592423924
41.24659442551333
28.417671200371903
62.752885139612395
37.920550764200456
35.71333561564104
33.3442413096666
36.97649443909862
39.97376582937831
26.97759135088993
46.206471529585905
44.6987032713618
47.57922111005454
41.35188750577886
44.95441503772095
44.88672662897882
44.6610985998384
42.88615810393374
46.27057854104009
45.26277334421286
46.09401565474448
41.57393413763134
30.86985392342663
48.85025900754559
32.27626863840193
36.21329867703792
33.494659995760216
33.6977252219866
40.360914876204966
37.048122384857486
53.12214969260427
52.155888704317185
51.362609205037764
45.969741168852856
54.00209900625192
52.295205058818176
53.70520117108143
48.1622725885317
53.55084294797107
52.94558680630867
53.27256837869788
48.27866800038985
34.81798629365524
29.89965339812281
33.28407383522916
39.91574719331363
42.9767674553187
41.720413286708215
45.2480896153323
41.02490593338964
42.81846969519161
45.639178199175696
44.65751720255046
41.13019901365517
45.748052676729166
44.64247533394109
44.51067991374478
41.276678162732054
44.64999626824577
44.97339644334705
45.59763399063555
41.05857106789631
39.123900252949376
35.26960049166488
38.5107650372535
33.080650469273984
42.33892059833601
39.39823528520583
30.59157935415344
28.03052215354524
43.513977048510185
43.42372583685402
43.39006070234735
39.68224009013973
43.92046564069174
46.46612283296179
44.33769842473713
43.1533303416143
44.029340118245216
43.75106554897203
44.37136355924379
42.626506800557856
28.489299146130765
61.5477449522195
33.15621795204958
31.095481952567052
33.39294831278263
35.22805628312474
35.987670647897495
32.53950133906576
49.48595702615551
41.81818543266907
45.26277334421286
41.363347977100275
43.08170239585544
42.671990546114735
44.774270754137405
38.419081266682156
42.51763232300438
44.83049869155811
44.928270837518966
40.79927790424922
36.426033675941746
32.65231535363597
37.935592632809815
32.313873309925334
54.11491302082213
53.29907071862866
52.15947010160513
46.46612283296179
50.81716239808401
49.97087821894303
49.771752529733384
46.473643767266466
50.04250616470189
49.73772925549792
50.31684119695834
46.17638779236718
49.94831541602898
50.027106156363736
52.27980505048002
48.55694256966304
32.58068740787711
33.43807391861071
35.066535265438496
37.067103790483586
38.646499994466545
38.73281166910598
28.256150182685662
33.407990181391995
47.89903988786787
45.54892698751952
42.292004293863954
41.31464097398425
45.319359421362364
44.781791688442084
44.66503813685514
40.8067988385539
45.2856942868557
44.567265990894285
44.74418701691868
38.238578843369815
35.30541446454431
51.08612533440854
34.588776867226876
33.6411391448371
34.74277695060843
39.841970409182
38.116095056122155
29.09097389050523
49.76029205841196
44.30009375321372
45.898113223093986
42.088939067637575
45.871969022892
43.92046564069174
45.45079670182988
42.22037634810509
43.548000322745644
46.492625172892566
44.80041495433939
42.57027886313715
29.493522945670048
56.316756073449625
37.69134133777209
33.08852954330746
33.51328326165752
33.028003929141214
36.3411545602175
35.56649832683537
46.199308735010014
46.2444343408381
42.5290927943258
39.0658816168847
45.65028053076832
45.52242464758874
44.90964757162166
41.67170628359219
44.86058242877684
44.71374513997117
42.047752998826226
40.89705005021007
27.338596197514608
29.666504434677705
36.57036398664586
48.49319369793765
53.37428006167547
59.03002265879541
53.82947565697305
52.64474943412144
55.74337436764991
50.62913904046699
54.976239068572475
48.56840304098446
52.242558518685414
52.539456353855904
52.001530481206835
48.29764940601595
49.29041273423381
49.87346421271097
50.13275737635806
48.72634266138275
34.998846856696375
33.4831995244388
33.33278083834519
32.667357222245336
35.38599590352303
38.22890907069237
35.20191208292275
26.225497920421855
38.61605811751903
43.739963217379405
46.66954619891696
43.916526103675004
43.28512576181061
43.81159116313827
43.04445586406083
42.29988336789743
46.66954619891696
45.781717811235836
46.60543918746278
42.20927401651247
27.38014040605475
49.92754331175891
37.792694881020886
32.294891904299234
33.434492521322774
39.80078434037065
37.52946218035706
28.8467225954675
46.55243450760122
44.17975880433883
43.74354461466734
40.09589147689717
43.83379582632352
46.0488900489164
43.660814337315855
39.93795185649888
43.70987948016068
44.104549461292024
44.051902921159254
42.77728362638026
29.08345295620055
62.905094524349984
32.99433879463455
36.89770369876387
33.51328326165752
33.10321327218802
40.056496106729796
37.999699644264
58.82695743256903
53.0698612922003
53.02473568637221
48.22637959998588
52.08820029557506
52.56595869378668
50.61409717185763
50.64059951178841
56.77016097010324
52.80268905451973
51.948883941074065
49.21878478847495
28.71492717527119
34.21666968900957
32.02413826933073
40.05828680537377
70.7136150312526
62.66657346497296
54.25064797803518
48.73744499297538
50.45221801444259
53.73886630558809
59.62023693184845
52.216056178754634
54.90855065983035
57.32277057163288
55.01384374009588
49.26784993131977
55.29963924367375
55.81106277639204
53.35923819306611
49.53860356628828
37.31135508552131
39.10133745003534
32.60325021079115
31.704677631246195
38.04088571307535
39.4508818253386
32.441371053376116
37.09324799068557
43.76216788056465
45.748052676729166
45.292857081431585
39.87778438206143
43.26220481916778
43.02153492141799
45.8343643513686
41.45359918875645
42.84461389539359
45.19150353818279
45.07474998659584
41.295659568358154
28.677322503747785
60.04319995155455
31.7233008971435
35.87843803061523
32.88152478006434
38.27009513950372
35.79570775326374
35.19797254590602
48.54584023807042
45.05254532341059
45.4056710960018
41.13019901365517
42.57421840015388
44.6800800054645
44.68366140275244
38.990672273837895
45.03750345480123
44.7176846769879
42.510469528428494
37.83244839091705
28.222485048178996
32.76118983118945
44.40753567185202
32.94921318880647
61.75976367166574
55.528848670102114
55.17536475778212
48.744965927280056
50.99372528437961
50.19256671106671
50.56109249199607
49.43331048602275
52.03161421842556
51.997590944190094
51.2154137765033
47.154109251975676
52.43380513386158
52.377577196440875
53.012917075322
47.7898072705856
33.46815765582944
33.877869505570146
37.048122384857486
34.30656276093695
38.28155561082513
35.32582842908559
36.48799184902317
43.30733042499586
43.70593994314394
43.235702479237
43.25826528215104
42.44242297995757
42.88615810393374
43.10426519876948
45.473359504743925
41.3744503086929
44.540763650963505
45.22122913567272
45.2477314756035
38.805872173780024
26.714358650226103
58.36459904269556
34.33306510086773
32.21968256125243
33.596013539009014
40.04145423812044
35.54787506093807
27.95531281049843
48.662593789657365
46.09007611772775
43.13828847300494
41.66418534928751
42.99145118419927
44.458391513340814
45.17288027228549
50.85476706960741
42.59678120306793
42.90513950955984
42.999330258232746
38.85529545635364
34.0698324002039
54.71873660356936
34.126418477353404
34.776800224843896
32.670938619533274
34.99848871696758
38.91331409241832
32.05422200654945
45.43933623050846
43.28082808506508
43.4688514426821
39.625654012990225
46.18784826368859
42.82993016651303
42.92376277545714
39.17833749172612
42.88973950122168
42.88615810393374
42.9198232384404
41.46076198333233
28.3990479344746
34.314441834970424
41.96681342011871
52.52799588253449
51.15524630206585
59.255650687935834
54.12243395512681
48.77504966449878
52.62934942578328
56.589300407062105
55.810704636663246
47.29342560647667
52.79516812021505
50.93713920723011
52.43022373657364
47.07137897462419
50.053608496294515
50.22658998530217
50.69682744920912
48.54548209834162
33.622515878939794
34.57767453563425
32.648375816619236
30.71907709760422
35.53641458961665
33.058445806088734
35.495228520805306
27.92522907327971
38.90937455540158
43.55158172003359
44.224884410166915
42.95026511538792
45.98836443475016
43.06307912995813
45.191145398454
39.685821487427674
45.31541988434563
45.668903796665624
43.10032566175274
41.88229244412325
28.504341014740127
56.70784465729302
36.00271251650686
34.11101846901525
33.663701947751136
36.81855481870033
35.72837748425041
26.240539789031217
47.40623962104688
44.931852234806904
45.251671012620236
42.01408786431956
42.9201813781692
44.77033121712067
45.601215387923496
40.878426784312765
42.766181294787636
42.88615810393374
42.517990462733174
41.374808448421696
28.78619698130126
56.0725047784119
33.8742881082822
36.3221731545914
32.17813835271229
35.27712142596956
38.19882533347364
33.88574857960362
57.683775418257554
53.009335678034056
50.83578566398131
49.10238937661679
51.877614135044
51.832488529215915
53.761429108502135
47.225737197734546
49.91465028152231
51.55385582021393
52.61824709419066
46.88729515402391
28.459215408912044
32.279850035689876
31.01275167521556
40.310059034716176
43.30733042499586
42.93128370976182
42.76582315505885
41.61512020644269
45.63129912514222
45.49198277064123
42.91230230413572
39.09918861166257
45.37916875607102
43.22853968466111
42.86359530101969
39.19337936033548
42.96494884426849
42.908720906847776
42.983930249894584
41.505887589160416
40.748422062760426
37.5706482491684
33.42303205000135
31.46400773349641
33.919413714110284
40.21837526414483
29.57983462030948
36.352256891810114
43.93908890658904
44.3079728272472
43.6833771402299
39.31371430921037
45.90241089983952
45.89847136282278
43.190935013137704
40.2577706343122
43.78902836022422
42.70959521763814
45.97762024288633
42.55165559723984
28.29733625149701
63.51070880574118
33.26151103231511
32.0767848094635
33.51328326165752
33.52474373297894
40.17683105560469
31.020272609520244
45.304317552753005
43.51433518823898
46.27057854104009
41.558892269021975
42.82240923220835
43.03299539273941
42.91624184115246
41.317864231543396
42.814888297903664
42.99145118419927
42.88615810393374
41.34794796876212
26.330791000687384
32.8775852430476
37.788755344004144
31.83611491171371
55.2018670977129
53.208819506972496
52.295205058818176
46.12051799467526
52.704916908558886
51.636944237294216
55.76593717056396
46.01880631169767
52.11828403279378
52.32134925902017
52.0731584269657
48.47421229231155
52.05811655835634
52.64474943412144
51.7386559202718
45.748052676729166
32.21216162694775
33.877869505570146
36.074340462265724
35.844772896108566
40.01495189818965
38.30805795075591
29.9634022698482
41.31822237127219
46.91379749395469
43.70987948016068
43.43912584519217
42.472506717176294
44.736666082614
44.63495439963641
44.82297775725343
38.407620795360735
45.304317552753005
44.894605703012296
45.29321522116038
41.20540835670198
31.8998637834391
50.83399496533734
35.03251199120304
31.753384634362224
34.91575843961609
38.46205803413747
41.850418008260554
28.8467225954675
47.85355614231099
43.94660984089373
46.08255518342307
40.2387892286861
43.56304219135501
45.8153829457425
43.4878328483082
40.03214260517178
43.62320966579245
43.58918639155699
43.37107929672125
41.94604131584864
27.000154153803972
62.84313635126856
33.59207400199227
34.5622745272961
33.26509242960306
36.0438985853182
42.69992544496069
35.87306593468331
46.16170406348661
46.55279264733001
44.94689410341627
41.7279342210129
44.721266074275846
45.0335639177845
44.66503813685514
40.517063797959295
41.859729641209206
44.64999626824577
44.58230785950365
41.11121760802907
31.46006819647967
33.24611102397696
38.567351114403
51.6820698431223
53.035838017964835
56.352570046329056
53.464531273331644
49.35810114297594
54.69044356499461
52.76150298570838
54.97265767128453
52.919442606106685
53.89322452869845
53.09994502941902
54.656420290759144
46.81960674528178
50.07652943893735
59.23129718637782
49.339477877078636
50.18182251920288
34.31802323225836
42.952055814031894
34.14504174325071
33.328841301328445
33.663701947751136
41.95177155150935
38.631458125857186
26.00739082558611
34.46844191835198
46.353308818391575
46.09795519176122
42.33748803942083
45.59369445361882
42.82993016651303
44.61633113373911
41.69426908650623
42.71317661492608
42.33712989969204
45.526364184605484
41.06609200220099
26.514874821287666
36.60796865816926
34.64536294437637
37.3564806913494
42.46319508422764
50.49161338460997
40.951487288986804
27.285949657381842
49.16613824834218
46.650206653562066
45.71796893951044
40.19760315987476
46.09365751501569
45.43933623050846
43.99531684400976
40.020682133850364
43.713460877448625
43.44270724248011
43.64219107141855
42.04381346180949
29.22276931070154
53.4924661721776
34.630321075767014
39.86274251345207
33.4831995244388
34.94226077954687
42.30919500084608
38.412992891292646
52.88183793458328
52.235037584380734
51.975386281004845
48.67369612124999
50.28317606245167
53.08096362379292
50.019943361787846
48.79403107012488
53.47599174465306
54.10022929194157
54.0475827518088
49.6252733806565
26.909902942147806
29.903234795410754
30.380993193622377
40.27281250292157
42.269799630678705
45.25561054963698
41.807083101076444
41.28455723676553
45.36842456420719
45.67284333368236
44.894605703012296
41.201468819685246
41.97612505306736
45.612675859244916
45.54104791348605
41.96502272147474
47.271220943291425
60.665646800199085
63.13251325213438
53.11462875829959
37.21358293956046
36.65703380101409
32.92665038589242
31.682114828332153
33.07706907198604
39.191588661691505
32.10686854668222
30.861974849393153
44.815456822948754
44.44299150500266
46.14666219487725
39.68976102444441
43.02547445843473
43.22853968466111
42.73215802055218
39.32517478053179
43.20597688174707
43.149390804597566
45.51848511057201
