1986.395503417779
2023.2627652395954
1989.3361887309093
2005.393025331674
1989.1481653732922
1997.3646070312916
2014.8769234898764
1975.1968322381094
1997.165123202353
2003.1557264458957
1991.4044456646964
1997.142560399439
2003.5056289609277
1991.2576083758906
1997.262895348314
2003.4189591465595
1991.5022178106572
2002.1479212490685
2003.3663126064268
1991.295213047414
1985.0789817747311
2014.4467976755943
2010.687763082169
1995.7400852214805
1998.7258961404386
1995.8568387730675
1997.5712536548058
1998.1131190644717
1996.5373042577767
1997.2969186225494
2003.5092103582158
1996.3679041660569
1997.278295356652
1998.3272866222906
2001.546246504694
1997.308020954142
1998.3498494252046
1996.552346126386
1997.4061512398316
1998.3122447536814
1983.5260879106788
2009.3207437373612
2007.7531661444284
2001.784767564071
2008.0049383737708
2010.2347163252443
2002.5938052114175
2016.8474082777027
1997.3384628310896
1995.1119081371753
1997.4849419801665
1998.297202885072
1996.2590296885035
1997.2707744223474
1998.7069147348127
1996.0599039992937
1997.4398163743383
2003.625605770074
1996.3908251086998
1997.3907512314936
1991.2425665072813
2016.6801570243556
2008.0332314123457
2003.5768987669578
1989.6817935691956
1996.7554113526123
2003.2800009317873
1991.4080270619843
1997.4133140344074
2003.595880172584
1991.5434038794685
1996.9169323702986
2003.245977657552
1991.389403796087
1997.2929790855326
2008.3115059816187
1991.5358829451638
1997.2553744140093
2003.4228986835762
1991.2611897731786
1985.5416983043333
2012.5590431651194
2002.0480002647348
2006.1662490061408
2012.9232712693033
2000.2999202484898
2005.7146348081312
2022.9433046015108
1987.8205413986516
2002.1665445149658
1998.0679934586435
1991.3629014561564
1997.541169917587
2002.9827449568882
1991.577427153704
1996.9394951732127
2003.5543359640437
1991.4345294019151
1997.1801650709624
2003.5432336324511
1983.6990693996866
2034.5463155349894
1999.47405003389
1992.3255810471553
1997.1730022763866
1998.2105330707036
1996.3532204371763
2002.489944690067
1998.4024959653375
1996.4395321118159
1997.3083790938708
1998.387454096728
1996.672681075261
1997.0823929250016
2003.787484927489
1996.2103226853874
1997.515025717385
1998.3308680195787
1996.6576392066515
1997.1730022763866
1991.558445748078
2007.1246309203943
2005.2071508124295
2009.5427903692137
2003.0525822040029
2009.2906600001425
2005.8990767684602
2020.9015500076544
1993.2843211011377
1999.2297987388524
1995.44318738631
1997.2102488081812
1998.5117285826198
1996.1272342683071
1997.5676722575179
1998.4365192395728
1996.2851738887055
1997.4398163743383
1998.6882914689154
1996.2404064226062
1984.4286000272407
2030.172713166953
1984.1710975622375
2004.9700623119677
2011.2163773218695
2008.7530922672222
2008.35269205043
2003.6030429671598
1989.6896726432292
1996.8607044328778
2003.4716056866923
1991.23110603596
2002.4827818954911
2003.4451033467615
1991.227524638672
1997.071290593409
2004.9306669418004
1989.885216935151
1997.2442720824167
2003.3663126064268
1983.687608928365
2010.4943676286202
2010.2461767965658
2002.1686933533385
2005.7859046141612
2031.7879233438155
1983.0787713894147
1996.7063462097676
2004.0095315593414
1991.0319803467503
1997.1350394651342
2008.495589802219
1992.5361672076865
1995.9771737219423
2003.4189591465595
1991.3363991162255
1997.1579604077772
2003.4189591465595
1991.516901539538
1997.0827510647305
1989.527793485814
2021.2116990127902
1989.5671888559816
2011.0921028359778
2005.0151879177959
2005.5907184619682
2010.0090882961038
2001.6347070177062
2024.962854532182
1993.5099491302783
1995.1498709484274
1996.9695789104314
1998.9705055752052
1995.8564806333386
1997.6693839404954
1998.5414541801097
1996.1462156739333
1997.7220304806283
1998.2295144763298
1996.3041552943316
1984.8759165485046
2027.5593675659409
1986.754359426031
2007.177635600256
2007.7717894103257
2004.9736437092556
2005.1620252066016
2012.96875501486
2009.0933250095768
1995.067140671076
2003.5693778326531
1991.370422390461
1996.3829460346662
2008.119543086985
1991.6411760254293
1997.093853396323
2003.524252226825
1991.1863385698607
1997.2478534797046
2003.5317731611296
1978.7578155615113
2012.2657267272368
2015.660891356207
2009.9772138602411
1992.2317484382113
2008.7588225028828
1990.8024127805932
1996.9172905100274
2003.6180848357692
1991.0921478211878
2003.3211870005987
1997.379648899901
1991.577427153704
1997.0673510563922
2003.3702521434434
1991.4266503278816
1997.3234209624802
2003.407498675238
1991.5247806135712
1997.1049557279157
1989.527793485814
2004.8726483057358
2004.75553661442
2011.983512620947
2002.8230146378457
2005.526611450514
2012.3029732590314
2001.378995251347
2007.6099102529106
2028.6481123414756
1985.082921311748
1996.5709693922834
2003.5507545667558
1991.1182920213898
1997.28187675394
2003.3251265376155
1991.374003787749
1997.443755911355
2004.3665968689493
1990.358677656617
1984.9249816913496
2036.5357817284416
1979.210862318436
2010.3213861396125
2006.4892910415133
2005.07929492925
2007.5608451100659
2005.6358440677964
2026.0985156121887
1987.7829367271281
1999.5381570453442
1995.1269500057847
1997.2668348853306
2003.6370662413954
1996.131173805324
1997.515025717385
1998.6431658630872
1996.2364668855894
1997.4548582429477
1998.3197656879859
1983.7216322026006
2028.8264659264153
1988.085922937688
2005.5566951877329
2004.6993086769992
2011.8481358034628
2000.7547577040586
2007.9934779024495
2027.9332654428022
1990.731142974563
1996.811997429762
2009.1234087467956
1990.6222684970096
2002.2832980665528
2003.787484927489
1991.3629014561564
1996.9434347102294
2003.527833624113
1991.178817635556
2002.4261958183417
1989.0690164932287
2007.0272169141624
2008.952217956432
2024.0037563384708
1986.0606427713562
1996.6651601409562
2004.8103319929255
1990.2010961759474
1997.2779372169232
2003.5808383039746
1991.3779433247655
1997.071290593409
2003.2345171862305
1991.5208410765545
2002.3585074095995
2003.3211870005987
1991.4420503362198
1997.6729653377834
2003.196912514707
1996.007257459161
1985.4138424211537
2011.8742800036646
2006.6511701989282
2003.5375033967905
2010.5842607005475
2002.6650750174474
2004.8647692317022
2012.0852243039246
2012.4516012464812
1999.6133663883911
1998.533933245805
1995.8342759701534
1997.5300675859944
1998.274640082158
1996.6877229438703
1996.9584765788388
1998.8687938922276
1996.2815924914175
1997.2553744140093
1998.2445563449392
1983.4698599732583
2038.0847360554772
1979.8426208000292
2003.3269172362593
2007.531119512576
2013.7018670397022
1997.4079419384757
2011.020474890219
2026.30910177272
1984.511330304592
2001.9824606943655
1997.8796119612978
1991.4606736021171
1997.1540208707604
2003.1858101831144
1996.6049926665187
1992.2091856352972
2003.2946846606678
1991.5283620108592
2002.042628168803
1989.369853865416
2008.9525760961606
2006.9555889684034
2005.4854253817027
2018.1750322523433
1995.1985779515435
1998.8652124949397
1995.3866013091604
1997.2779372169232
1999.1810917357363
1995.4277873779718
1997.7445932835424
1998.9214404323604
1995.5029967210187
1997.7180909436115
2004.0582385624573
1995.9170062475048
1997.1801650709624
2004.1785735113324
1995.7365038241926
1984.6277257164502
2014.3411464556
2000.1419806280915
2009.3207437373612
2005.3124438926952
2005.458923041772
2006.2224769435616
2017.710525024097
2005.5814068290197
1995.0592615970425
2001.2719114724375
2000.5534831764762
1994.7172381560438
2008.6195061483818
1983.5751530535238
1996.8342020929472
2003.7086941871542
1991.2235851016553
1997.236751148112
2013.3129272942315
1982.4917803739208
2020.6590894112605
1997.234602309739
2001.0555950762457
2004.962541377663
2017.2105619627
1996.3510715988036
2007.5425799838974
2026.827688100014
1989.6406075003842
1996.7779741555264
1998.4741239110963
1996.3191971629408
1997.262895348314
1998.4214773709637
1996.4244902432065
1997.28187675394
1998.5153099799077
2001.617516310724
1997.28187675394
1990.3891195335646
2035.0086739248627
1978.7485039285627
2015.8227705136221
1996.366113467413
2008.899929556028
2006.824151687936
2003.198703213351
2026.5007065276247
2005.201420576769
1990.7010592373445
1996.8080578927452
2008.5331944737425
1996.785495089831
2001.8435024795933
2003.313666066294
1991.4005061276796
1997.2743558196353
2003.3663126064268
1991.2611897731786
1984.5754373160462
2017.2030410283953
1998.7953752478247
2020.4950614154727
2001.425911555819
1990.0768216900558
1997.631779268972
2002.888554208215
1991.4005061276796
2002.463800489865
1998.2861005534794
1991.374003787749
1997.2292302138073
2003.1557264458957
1991.4606736021171
1997.3685465683081
2004.0618199597454
1990.8665197920473
1996.9584765788388
2004.2426805227865
1983.052269049484
2009.5427903692137
2013.1342155695631
1999.4987616751769
2005.7071138738265
2009.2945995371592
2003.7892756261328
2010.0320092387467
2023.1818256608879
1993.9164377224597
1996.2550901514867
2003.3437498035128
1996.2328854883015
1991.889366857484
2000.7264646654837
1989.1703700364774
2002.9641216909909
1998.0414911187129
1996.6386578010254
1991.86680405457
1988.9261187414397
2020.4259404478155
1990.8718918879792
2010.964605092527
2004.3834294362027
2010.5244513658388
2003.6087732028204
2004.5338481222961
2024.071444747213
1992.9648604630534
1994.9092010506777
1997.308020954142
1999.1510079985176
2000.8091949428353
1997.2553744140093
1999.1359661299082
2004.1259269711995
1996.6837834068535
1996.198862214066
1998.3688308308308
1982.7926177461081
2035.286948494136
1979.8616022056553
2025.4044408177854
1988.4995743244456
2004.544950453889
2005.78626275389
2012.3706616677737
2018.272804398304
1990.4829521425086
2004.6975179783553
1989.6857331062124
1997.1464999364557
2003.5357126981464
1991.3363991162255
1997.259313951026
2003.5092103582158
1991.321715387345
1997.4057931001028
2003.197270654436
1978.85916910476
2012.1640150442593
2008.9224923589418
2008.6796736228193
1995.679917747043
2005.2128810480904
1989.8211099236967
1996.8757463014872
2003.7609825875581
1990.9793338066174
1997.4587977799645
2003.3097265292772
1991.6411760254293
1996.9359137759247
2008.4318409304938
1991.2651293101953
1997.3757093628842
2003.1897497201312
1991.490757339336
1997.3005000198373
1991.3779433247655
2006.3768351666718
2003.6875639431553
2008.114170991053
2003.6162941371251
2006.8427749538332
2012.0963266355172
2014.3411464556
2003.618442975498
2002.677968047684
1994.852614973528
1997.135397604863
2003.599461569872
1996.0520249252604
1997.5490489916206
1998.5715379173284
2001.2228463295928
1997.3008581595661
1999.9629107636943
1994.991931328029
1983.9547811660457
2042.7437757873624
1973.1192636713736
2005.5642161220376
2008.4937991035752
2006.707398136349
2003.4622940537436
2011.3814797368436
2017.1185200523998
1993.1038186778255
2003.9794478221227
1990.332533456415
1997.1275185308298
2003.3437498035128
1991.4796550077433
1997.142560399439
2003.3251265376155
1991.4868178023191
1997.2442720824167
2003.3963963436454
1978.596294543825
2011.2915866649164
2020.658731271532
1992.9290464901737
2021.2586153172624
1995.1308895428012
1995.4542897179026
1997.0036021846668
2003.3437498035128
1996.454573980425
1997.188044144996
1998.5153099799077
1996.3191971629408
1997.3230628227514
1998.714793808846
1996.390466968971
1997.3234209624802
1998.4551425054701
1996.3568018344642
1997.4885233774544
1985.6960565274437
2006.3650165556217
2005.5796161303756
2012.8706247291705
2002.1611724190338
2004.2480526187185
2013.8451229312197
2020.4237916094428
1989.4110399342271
2004.0922618366928
1995.8077736302225
1997.0036021846668
1998.8537520236182
1996.1386947396286
1997.330583757056
1998.4626634397748
1992.2127670325851
2001.7718745338345
2003.6936523185448
1996.2776529544008
1983.4472971703442
2034.418101512081
1981.4184356067244
2004.7444342828273
2009.0317249762243
2006.7450028078724
2006.824151687936
2010.027711562001
2016.1368590557747
1992.4684787989443
2003.4340010151689
1990.686017368735
1997.3721279655963
2003.0729961685443
1991.2841107158215
1994.3787961123332
2001.8431443398645
1991.1863385698607
1997.0412068561902
2003.7609825875581
1978.806880704356
2031.9250908599436
1989.9923007140603
2003.973717586462
2002.1421910134077
2013.5478669563206
1998.3100959153085
2008.9189109616539
2029.324638289168
1991.0434408180718
1996.9584765788388
1998.3724122281187
2001.1626788551553
1997.4208349687121
1998.4891657797057
1996.386885571683
1997.2929790855326
1998.5905193229544
1996.293052962739
1997.3381046913607
1985.5341773700286
2009.6556043837838
2005.1810066122275
2023.0446581447595
1992.4007903902022
2001.7006047278044
2003.7423593216608
1996.1086110024098
1997.1765836736745
2004.847936664449
2000.2601667385936
1997.3420442283775
1998.3799331624234
1996.4320111775112
1997.3871698342055
1998.4325797025563
1996.386885571683
1997.5751931918226
1998.3383889538832
1996.2891134257222
1984.0414509804139
2011.6712147774383
2002.9770147212273
2004.8386250315002
2015.142305028913
1997.9340492000745
2007.2077193374746
2012.9798573464527
2007.8735010933033
2009.7515858311008
1996.7478904183076
1995.1119081371753
1997.6203187976507
1998.2635377505653
1996.3754251003616
1997.4587977799645
1998.2631796108365
1996.5222623891673
1997.4172535714242
1998.1618260675878
1983.3495250243832
2022.023601777967
1996.482867019
2002.5372191342678
2005.5230300532262
2017.2553294287993
1996.4642437531027
2005.7296766767406
2033.2731287991255
1981.9542126410006
1996.620034535128
2003.4340010151689
1991.4005061276796
1997.8423654295032
2002.6629261790747
1991.1748780985392
1997.330941896785
2008.5292549367257
1991.0996687554925
1997.2858162909567
1989.2606212481335
2026.2471435996385
1984.471576794696
2018.6434790176063
1993.8315586067356
2011.0770609673684
2007.741705673107
2002.3302143710248
2024.278449510456
1994.1606890174976
1994.6871544188252
1997.165123202353
1998.6281239944778
2001.1100323150226
1997.3495651626822
1998.7484589433527
2001.0838881148206
1998.297202885072
1997.5787745891105
1996.270490159825
1983.9884463005524
2015.1985329663337
2001.2926835767075
2014.7490676066968
1997.3685465683081
1994.9690103853864
1997.2893976882447
1998.2595982135485
2001.399767355617
1997.469900111557
1998.6918728662033
1996.0373411963797
1997.5676722575179
1998.511370442891
1995.9922155905517
1997.4172535714242
1998.7108542718295
1996.247569217182
1997.3008581595661
1998.2782214794458
1985.7938286734045
2008.4447339607302
2007.5837660527086
2000.6641483526737
2010.0846557788796
2009.8472091386889
2001.0555950762457
2009.084013376628
2021.6009968979897
1985.9929543626142
1996.8266811586425
2003.618442975498
1991.155896692913
1997.1805232106913
2003.3548521351054
1991.3252967846329
1997.4738396485739
2003.3097265292772
1991.6300736938367
2002.1328793804591
1989.1854119050868
2036.505697991223
1973.863478027808
2012.5210803538673
2000.318543514387
2012.028638226775
2005.9363233002548
2002.8079727692364
2025.8277619772202
1993.0511721376927
1994.8902196450515
1997.093853396323
1998.5794169913618
1996.270132020096
1997.2743558196353
1998.4551425054701
1996.571327532012
1997.2328116110953
1998.6281239944778
2001.260451001116
1983.879571822999
2014.7963420508975
2002.585926137384
2002.6801168860568
2031.5733976462677
1984.2330557353189
1996.571327532012
2003.6295453070907
1991.276231641788
2002.0766514430384
2003.5167312925205
1996.104671465393
1992.6489812222567
2008.1045012183756
1991.295213047414
1997.3911093712222
2003.407498675238
1991.4946968763525
1997.1952069395718
2003.3326474719202
1978.742773692902
2013.1191737009538
2006.6207283219808
2003.2105218244012
2006.1508489978025
2009.4715205631835
2003.0934101330854
2027.8319118995532
2000.0535201150792
1989.3096863909784
2001.8320420082719
2003.3548521351054
1991.5172596792665
2002.1027956432404
2003.4601452153709
1991.2801711788047
1997.0977929333396
2003.4415219494736
1991.3063153790067
2002.6743866503962
1983.6052367907425
2021.5802247937197
1988.969095508895
2012.1905173841901
2000.6265436811502
2010.8478515409402
2009.249473931331
2004.0303036636114
2021.645764364089
1994.5782799412716
1994.8300521706142
2002.2116701207938
1998.6095007285805
1996.1236528710192
1997.3757093628842
1998.4891657797057
1996.3077366916195
1997.4061512398316
1998.364891293814
1996.4431135091038
1983.969823034655
2047.7605971083135
1970.2047225584454
2005.7407790083332
2006.3918770352811
2006.7937098109885
2003.3193963019546
2013.2280481785072
2023.2480815107149
2000.8467996143588
1996.4470530461203
1990.9567710037036
1996.8983091044013
2003.5844197012625
1991.1634176272178
1997.4512768456598
2003.196912514707
1991.5057992079453
1997.1841046079792
2003.4640847523876
1978.7277318242925
2018.5457068716453
2004.5750341911075
2011.274754097663
2000.6849204569437
2003.832610533317
1990.3701381279384
2003.0919775741704
1997.9136352355333
1996.2851738887055
1997.3835884369175
2008.3978176562582
1991.253668838874
1997.424774505729
2003.4228986835762
1991.0695850182738
1997.3495651626822
2010.3267582355445
2069.4903670131803
1906.3763438132635
1992.2278089011945
2008.2456082715207
2006.6436492646237
2004.6917877426945
2002.49209352844
2008.166459391457
2011.9158242122048
2001.0631160105504
2009.2419529970264
2020.3747264665978
1986.8052152675198
1997.255732553738
2003.3322893321913
1990.8102918546267
1997.3119604911587
2003.456563818083
1991.3403386532423
1997.2252906767906
2004.2125967855677
1995.6233316698936
1994.9127824479656
2014.4919232814225
1999.758054838824
2009.1029947822542
2015.7550821048799
1997.6034862303973
2006.9817331686054
2006.9333843052182
2024.7819939691408
1989.4074585369392
1997.9512399070566
1996.0860481994957
1997.4061512398316
1998.4927471769936
1996.17988080844
1997.0526673275117
1999.4214034937572
1995.4317269149885
1997.5415280573159
1998.2896819507673
1982.9731201694206
2036.9716377783843
1980.6778026475777
2017.7517110929084
1992.4140415601676
2011.8105311319393
2000.7959437728698
2012.1675964415472
2025.9892829949065
1984.3798930241246
2001.6590605192641
1997.849528224079
1991.7013434998669
2002.4903028297958
1997.8534677610958
1991.490757339336
2002.6142191759586
1998.6317053917658
2000.9069670887961
1997.3270023597681
1983.687967068094
2008.8132597416595
2008.072626782513
2021.8187458530967
1993.0626326090141
1994.6495497473018
2000.6852785966726
1993.7696004336542
2002.2718375952313
2000.933469428727
1999.0793800527588
1996.838141629964
2004.4869318178241
1987.5984947667991
1997.3420442283775
2003.40391727795
1991.3517991245637
1997.1801650709624
2004.5284760263644
1990.4904730768133
1990.6784964344304
2013.91639273725
2001.9090420499626
2004.421034107726
2013.5027413504924
2000.0288084737924
2007.4970962383404
2014.6348210332114
2007.811184780493
1995.262326823269
1998.3799331624234
1996.1576761452548
1997.447337308643
1998.0450725160008
2001.4710371616472
1997.5264861887065
2004.253782854379
1995.540601392542
1997.233169750824
