39960.84880377988
39974.151187726486
40012.43095263867
39973.59857812496
40011.07718446383
39980.04007928706
40016.8045550067
40005.25777201065
39998.33278221468
40023.477414433604
40024.14677758672
39974.61175541772
40029.59766425897
40028.96769647602
40039.154622921844
39984.62211897725
40023.657916856915
40023.161535192805
39997.33070725352
40028.54652415496
40028.76821264708
40047.867804383684
39980.451939975166
40025.07722460213
40027.82451446171
40018.4910349896
39976.202612093024
40033.65681994512
40017.72389969052
39993.02515143395
40021.85074378542
40012.88793893261
40033.247108095384
39996.148129869034
40025.16747581378
40022.8230931491
40033.167959215316
39975.89819332355
40018.32521629517
40028.83984059284
39991.716508864934
40026.26553222226
40029.042905819064
40026.81670926488
39987.408804207
40033.79040606396
40028.33199845741
40023.748168068574
39985.42685894785
