51.979325818021586
37.147685229462304
45.278173352551015
46.11657845765853
43.371437436450044
45.69898753388435
43.8789214321516
43.62356780552125
42.55523699452778
45.95863883726023
46.02632724600236
45.65028053076832
41.84862730961658
42.75830222075417
45.55250838480747
45.631657264871016
42.58173933445856
43.58560499426905
45.4432757675252
42.94632557837118
42.0176692616075
35.1926004499741
37.64764829085918
45.79317828255725
43.82269349473089
44.559745056589605
46.797043942367736
44.379242633277265
43.224600147644374
44.51067991374478
44.42794963639329
44.036861052549895
40.56971033809206
44.50674037672805
44.378884493548476
44.27753095029968
40.69004528696695
44.31513562182308
46.74833693925171
44.43153103368124
42.634027734862535
47.17667205488972
42.53661372863048
49.55328729516884
35.73768911719906
47.549137372835816
47.594621118392695
36.11731722972104
42.72821848353544
45.54856884779073
47.936644559391276
45.29679661844832
44.07840526109004
48.03441670535212
47.710658390522056
44.95835457473769
41.67528768088013
47.225737197734546
46.95498356276604
46.75943927084433
43.61568873148777
40.7878174329278
39.610970284109655
44.75134981149457
44.42794963639329
43.96953078353656
46.11299706037058
46.72577413633767
42.34106943670878
44.01071685234791
46.105117986337106
46.44356003004774
42.235776356443246
46.541690315737384
43.882860969168334
45.815741085471295
42.5477160602231
45.856927154282644
46.22581107494079
47.02267197150816
42.34106943670878
42.638325411608065
41.276678162732054
43.91294470638706
40.396728849084404
41.89375291544467
45.05576858096974
36.11731722972104
41.76195749524836
44.83408008884606
43.713819017177414
46.71825320203299
42.55917653154452
46.184266866400655
46.94782076819015
44.18727973864351
42.826348769225085
46.91379749395469
44.13463319851075
46.560313581634695
39.764970367491216
34.022916095731844
74.42501704074816
48.944449756218496
43.81875395771415
44.49563804513542
44.20232160725287
47.206755792108446
40.68646388967901
44.788954483017974
46.488685635875825
44.574428785470175
40.80644069882511
45.05576858096974
46.56389497892263
43.95413077519841
42.573860260425086
46.51124843878987
46.39485302693171
46.473643767266466
42.660530074793314
43.12288846466679
52.59962382829335
41.45718058604439
39.92326812761831
44.837661486134
54.840862251088225
37.97892753999393
44.078047121361244
48.865300876154954
47.83887241343042
48.282249397677795
41.799562166771764
45.43933623050846
48.03799810264007
45.37558735878307
41.581096932207224
45.77813641394789
45.27029427851754
45.420712964611155
43.829856289306775
40.25741249458341
54.4007085244
44.62349392831499
37.892257725625704
47.597844375951844
60.03030692131796
51.463962748286555
50.723329789139896
51.129102101863865
53.016856612338735
54.00603854326866
49.07230563939807
53.0318984809481
53.780410514128235
52.840293726043136
49.019659099265304
53.6751174338627
52.539456353855904
52.85891699194044
49.557226832185584
42.14946468180381
49.06478470509339
46.7934625450798
43.412623505261394
36.53490815349522
49.86952467569423
47.26334186925795
43.70987948016068
47.79374680760234
47.48144896409369
46.97790450540887
40.99124079888298
27.08109373251149
47.387616355149575
44.07840526109004
41.25053396253006
47.361114015218796
47.29342560647667
47.14336506011185
43.43912584519217
45.75163407401711
67.60746916341944
42.431320648364945
41.97612505306736
42.047752998826226
44.1120703955967
52.0921398325918
37.26443878104926
48.86888227344289
47.83887241343042
47.08283944594561
45.64275959646364
46.496206570180505
45.875908559908744
47.74074212774078
41.724352823724956
48.18483539144574
49.45193375192005
48.342416872115244
41.95356225015332
41.63410161206878
57.71385915547628
43.67585620592522
38.885021053843566
44.83014055182932
44.08592619539472
48.23748193157851
41.44607825445177
57.63112887812479
56.20967229454012
57.67983588124082
48.18841678873368
56.50692826943941
55.81858371069672
54.97265767128453
51.37765107364712
55.344764849501836
60.128079067278804
55.156741491884816
51.8965955406701
42.96530698399728
39.78359363338852
49.670398986484585
60.77881895449809
59.27427395383314
55.908834922352895
52.31776786173222
48.97453349343722
52.44168420789506
54.85232272240964
51.84394900053733
52.79516812021505
57.668733549648195
54.78463431366752
54.70906683089191
53.551201087699866
57.281226363092735
59.18796227919371
56.784844698983804
48.68873798985935
45.01494065188719
40.89669191048127
47.11328132289312
50.92997641265422
51.264478919348115
51.80240479199719
46.26699714375214
47.25582093495326
37.09897822634628
50.1553201792721
44.71374513997117
41.78093890087446
48.80155200442956
47.51547223832915
47.07567665136972
40.8067988385539
47.68845372733681
47.32350934369539
47.68451419032007
43.672274808637276
36.1137358324331
74.10555640266362
46.232973869516684
43.92404703797968
42.65694867750537
47.973891091185884
50.86980893821678
37.45604353595422
49.854124667356075
47.37615588382816
50.000961956161746
43.81517256042621
47.368634949523475
47.252239537665325
47.08677898296234
45.29679661844832
48.64719378131921
47.66589092442277
48.47815182932829
43.91294470638706
42.13048327617771
58.165115213757126
42.660530074793314
44.49205664784748
43.92046564069174
41.039947801999006
47.62792811317057
44.931852234806904
55.99156519970438
54.70190403631602
53.82553611995632
48.47815182932829
56.45392358957785
54.71300636790865
56.16812808599998
50.65922277768571
55.95002099116424
55.44253699546268
55.67926735619573
50.7229716494111
45.27029427851754
37.35827138999337
42.36005084233488
42.645846345912744
45.4812385787774
44.19874020996493
47.80520727892376
43.491772385324936
45.2291082097062
48.10962604839893
47.04917431143894
43.551939859762385
48.24500286588319
47.071737114352985
46.943881231173414
43.76252602029344
47.08677898296234
47.428802423960924
48.091002782501626
43.480311914003515
49.77927346403806
45.988722574478956
47.97030969389794
43.77720974917401
51.960344412395486
47.0076301028988
37.79484371939365
35.797498451907714
46.341848347070155
46.018448171968885
45.856927154282644
42.15268793936296
46.40595535852434
48.85777994185027
46.75191833653965
45.661382862360945
46.368350687000934
46.138783120843776
46.864732351109865
44.984498774939674
39.48275626120129
81.17917418608029
43.672274808637276
39.0092955397352
43.897544698048904
42.807367363598985
43.24322341354168
39.690119164173204
52.46030747379236
44.36026122765117
47.70707699323411
43.83021442903557
45.53746651619811
45.1653593379808
47.2411372060727
40.938594258750214
44.931852234806904
47.30488607779809
47.35753261793085
43.194874550154445
44.65393580526251
40.370584648882414
48.69267752687609
43.484251451020256
56.85647264474267
55.75089530195459
54.554708607781556
48.88786367906899
53.276507915714625
52.30236785339407
52.18597244153591
48.853840404833534
52.377577196440875
52.155888704317185
52.753623911674914
48.51181696383495
52.298428316377326
52.385098130745554
54.592671419033756
50.89953453570671
42.860013903731755
40.96115706166425
45.57113165070477
44.398224038903365
48.839156675952964
46.31606228659697
38.904002459469666
41.2168688280234
50.753055386629825
48.05339811097822
44.86416382606478
43.83773536334025
47.797328204890285
47.31634654911951
47.10540224885965
43.22101875035643
47.80126774190702
46.98148590269682
47.17344879733057
40.724068561202415
43.67621434565401
64.6893466532033
45.4622571731513
44.33411702744918
45.40208969871385
47.917663153765176
45.77813641394789
36.37302899608019
52.798749517503
46.74081600494703
48.35387734343666
44.43153103368124
48.282249397677795
46.372290224017675
47.83099333939695
44.61955439129826
45.92819696031271
48.872821810459634
47.17703019461852
44.98843831195641
40.276393900209506
74.26349602306192
45.33798268725967
41.09259434213177
44.11600993261344
41.55495273200524
46.650206653562066
43.356395567840686
50.411031945631244
48.70771939548545
44.950833640433004
41.48762246299191
48.14364932263439
47.951686428000635
47.32744888071213
44.14967506712011
47.26334186925795
47.14300692038305
44.5031589794401
43.3678560391621
34.71090251474574
37.8546530541023
48.15833305151496
51.415255745170526
55.96900239679034
61.46322397622404
56.28488163758693
55.07401121453333
58.180157082366485
53.15259156955179
57.473189257726496
51.00912529271777
54.70942497062071
54.99880187148652
54.472336470158865
50.71545071510642
51.82890713192797
52.31024692742754
52.543395890872645
51.20825098192741
45.815741085471295
40.66748248405291
44.72520561129258
40.005640265241
43.04409772433203
48.951970690523176
42.638325411608065
36.756596645618906
47.4177000923683
46.40595535852434
49.18153825668034
46.47006236997852
45.77813641394789
46.25947620944746
45.73301080811981
44.774270754137405
49.200161522577645
48.32379360621793
49.10632891363353
44.687600939769176
34.56084196838091
62.63219205100871
48.763947332906156
39.873844845044694
42.927702312473876
47.865016613632406
48.15475165422701
35.94075434342544
49.38424534317792
46.63158338766476
46.18390872667186
42.46892531988835
46.22903433249994
48.46669135800687
46.0488900489164
42.3331903626753
46.14272265786051
46.541332176008595
46.43603909574306
45.18756400116605
40.07332867398313
76.15519007055353
43.57450266267642
50.29069699675635
43.78473068347869
40.844403510077306
50.61015763484089
48.459528563430986
62.60640599053552
55.491602138307506
55.52168587552623
50.723329789139896
54.51746207598695
55.036406543009925
53.08490316080966
53.054819423590935
59.274632093561934
55.24699270354098
54.39712712711206
51.685651240410245
39.306551514634485
41.88229244412325
39.09560721437463
42.96530698399728
73.20698382311866
65.18966785432896
56.70605395864905
51.19679051060599
52.92302400339462
56.18710949162608
62.057019646565024
54.74702964214411
57.37541711176564
59.804678892177535
57.454207852100396
51.685651240410245
57.736421958390316
58.27792922832734
55.75447669924254
51.94924208080286
48.41046342058616
46.481164701571146
43.378958370754724
42.088939067637575
45.748052676729166
50.03856662768515
39.59950981278824
47.50401176700773
46.61260198203866
48.15475165422701
47.73357933316489
42.30310662545658
45.649922391039524
45.51848511057201
48.342416872115244
43.83021442903557
45.292857081431585
47.66195138740603
47.421281489656245
43.77362835188607
39.3814027179525
76.44850650843608
42.20927401651247
46.33826694978221
43.205618742018274
49.65499897814643
43.152972201885504
45.40961063301853
51.88871646663662
47.48180710382248
47.97030969389794
43.52937705684834
44.99237784897315
47.16198832600915
47.10540224885965
41.382329382726375
47.53051410693851
47.16950926031384
44.969815046059104
40.314356711461706
39.31013291192243
40.05076587106909
52.75004251438697
43.24716295055841
65.14060271148415
57.958110450514006
57.58600327229671
51.27952078795748
53.42692660180824
52.708498305846824
53.02795894393136
51.828548992199174
54.494541133344114
54.48343880175149
53.622112754001144
49.677561781060476
54.92323438871092
54.802899439836025
55.52490913308538
50.30573886536572
43.88644236645628
41.66418534928751
47.38725821542078
41.28061769974879
48.932989284897076
42.97282791830197
43.93156797228436
46.32322508117285
46.21041106660264
45.657443325344204
45.74769453700037
44.909289431892866
45.300378015736264
45.473359504743925
47.89510035085113
43.713460877448625
46.891234691040644
47.63938858449198
47.62434671588262
41.224031622599284
37.798066976952796
69.52566555084182
44.807935888644074
40.4346916603366
43.98027497540039
48.7675287301941
45.849406219977965
35.12849343851992
51.986846752326265
48.5909658438985
45.654220067785054
44.074823863802095
45.46977810745598
46.99294637401823
47.61324438429
53.4229870647915
45.1463779323547
45.33798268725967
45.48481997606534
41.34472471120297
42.149106542075025
67.6414924376549
41.11515714504581
45.33046175295499
39.840179710538024
43.017595384401254
46.39485302693171
42.86359530101969
48.78257059880346
45.80034107713314
45.94323882892208
42.00979018757403
48.65471471562389
45.304317552753005
45.31148034732889
41.68280861518481
45.39815016169712
45.31541988434563
45.35660595315697
43.92404703797968
39.31013291192243
42.450302053991045
52.2307399076352
55.171783360494175
53.67117789684597
61.71857760285439
56.521611998319976
51.22687424782471
55.09621587771858
59.026083121778676
58.27757108859854
49.745250189802604
55.23553223221957
53.39648472486072
54.88204831989957
49.478077952122035
52.51653541121307
52.65191222869732
53.096005492402284
51.001246218684294
44.029340118245216
41.69426908650623
43.4692095824109
37.90729959423506
46.96250449707072
40.26923110563362
46.011285377392994
34.94440961791963
47.770825864959505
46.37945301859356
46.69175086210221
45.4246525016279
48.481733226616235
45.45831763613456
47.63938858449198
42.10756233353488
47.71459792753879
48.11714698270361
45.52600604487669
44.34915889605855
39.121751414576615
69.27353518177063
46.864732351109865
42.82599062949629
40.900631447498014
47.64332812150872
46.300662278258805
37.219313175221174
50.44111568284997
47.41017915806362
47.69991419865823
44.518558987778256
45.35338269559782
47.29736514349341
48.05697950826617
43.24752109028721
45.16894073526875
45.35696409288577
44.93973130884038
43.78508882320749
39.67865869285178
72.10498787761854
44.736666082614
44.642117194212304
39.764970367491216
42.97282791830197
48.54190070105368
41.220450225311346
61.07929818695653
55.513806801492755
53.36281959035405
51.62190236868485
54.25422937532312
54.276792178237166
56.23581649474211
49.62491524092771
52.377577196440875
53.937991994797734
55.03998794029786
49.335180200333106
39.50173766682739
39.83301691596214
38.48641153569549
43.23964201625373
45.75521547130506
45.39815016169712
45.2101268040801
43.995674983738546
48.06808183985879
47.921244551053114
45.26277334421286
41.558534129293186
47.846035208006306
45.612675859244916
45.4242943618991
41.63768300935673
45.35660595315697
45.37200596149513
45.51096417626733
43.88644236645628
51.73077684623833
45.789238745540516
44.104549461292024
42.314925236506795
45.14995932964265
50.979041555499045
36.83932692297039
45.65028053076832
46.661667124883486
46.816025347993836
46.176745932095976
41.84826916988779
48.33167268025141
48.33131454052262
45.68430380500378
42.72857662326424
46.2444343408381
45.2667128812296
48.515756500851694
45.00706157785371
35.67000070845693
80.6863739192593
41.062510604913044
39.71984476166313
40.840463973060565
41.44213871743503
50.91493454404486
41.64162254637347
48.69984032145197
45.988722574478956
48.7299240586707
44.02575872095727
45.20260586977542
45.47729904176066
45.37200596149513
43.73602368036266
45.277815212822226
45.45079670182988
45.285336147126905
43.76610741758139
36.88087113151054
40.26135203160015
48.91794741628772
39.456612060999305
58.300492031241376
55.754834838971334
54.72804823651801
48.636091449726585
55.183243831815595
54.077308349298725
58.213822216873155
48.467049497735665
54.607713287643115
54.83334131678354
54.50242020737759
51.01628808729365
54.532503944596314
55.04750887460255
54.19800143790241
48.20739819435978
43.45774911108948
44.965517369313574
43.02941399545146
42.99503258148721
51.52771162001194
45.6388200594469
37.59177849316727
45.47729904176066
49.44835235463211
46.10153658904917
45.93965743163413
44.97339644334705
47.199592997532555
47.071737114352985
47.27480234057936
40.84834304709404
47.737160730452835
47.380095420844896
47.76008167309567
43.691256214263376
39.71984476166313
64.41107208393011
45.4812385787774
42.592841666051186
41.96502272147474
47.2031743948205
52.43810281060711
35.98194041223679
50.97116248146557
46.31570414686817
48.59454724118644
42.71711615194282
45.950759763226756
48.33489593781056
45.94717836593881
42.41986017704353
46.07503424911838
45.99588536905484
45.72513173408633
44.352740293346486
37.89619726264244
77.09136732162189
40.72371042147362
43.484251451020256
43.95413077519841
44.70264280837854
50.01600382477111
44.040800589566636
49.9407944817243
49.20374291986558
47.44384429257028
44.224884410166915
47.15804878899242
47.48538850111043
47.11328132289312
42.961367446980546
44.3455774987706
47.17344879733057
47.06815571706504
43.57450266267642
39.629951689735755
44.514261311032726
49.38460348290672
54.3631038528766
55.559290547049635
58.80833416667173
55.923876790962254
51.8586327294179
57.213537954350606
55.20580663472964
57.428063651898405
55.42749512685332
56.28488163758693
55.52920680983091
57.13080767699912
49.26391039430303
52.54697728816058
89.72116485755367
52.370414401864984
52.82919139445051
44.77033121712067
53.956973400423834
41.243013028225384
40.720129024185674
41.11515714504581
52.8363541890264
45.90599229712746
36.63232215972728
43.73244228307472
49.23776619410105
48.55730070939183
44.85306149447216
48.09458417978957
45.244150078315556
47.10182085157171
44.20232160725287
45.15748026394733
44.86810336308152
48.11714698270361
43.47673051671558
37.26443878104926
47.1841929891944
45.507382778979384
48.67333798152119
50.92997641265422
57.758626621575566
50.106613176156074
34.32733486520702
52.204595707433214
49.08340797099069
48.05697950826617
42.58173933445856
48.53044022973226
47.785867733568864
46.39843442421966
42.453525311550194
46.12015985494647
45.88701089150137
46.08255518342307
44.386405427853155
40.295375305835606
68.64177670017745
45.25525240990818
49.24528712840573
43.672274808637276
42.23935775373119
52.75756344869165
49.09486844231211
56.055672211158566
54.795736645260135
54.44225273294014
51.17816724470869
52.746461117099024
55.5929556815563
52.48680981372314
51.30208359087152
55.99156519970438
56.66486788983771
56.54453294096282
52.14478637272456
37.61792269336925
41.09259434213177
37.82098791959563
43.13828847300494
44.774270754137405
47.767602607400356
44.33017749043245
43.79260975751217
47.85033288475184
48.21097959164772
47.33496981501681
43.67585620592522
44.58588925679159
48.064500442570846
47.96672829660999
44.439410107714714
49.74166879251466
63.136452789151114
65.60690063837436
55.60405801314892
48.79403107012488
44.19480067294819
44.44693104201939
40.95721752464752
43.841316760628196
49.95225495304572
39.61849121841434
39.437630655373205
47.69203512462475
47.03413244282958
48.5909658438985
42.15268793936296
45.51848511057201
45.612675859244916
45.19902447248747
41.85579010419247
45.608736322228175
45.620196793549596
47.985351562507304
