11.836159896923565
7.7372507008725435
7.530245937629425
56.20752345616736
45.129187225372576
33.97779048990376
53.68048952979462
44.60666136106166
48.80907293873424
44.49384734649145
44.40001473754734
64.54644890141437
44.685452101396415
44.53145201801485
47.0076301028988
44.136423897154714
44.17402856867812
47.7898072705856
44.23455418284436
44.17796810569486
46.95140216547809
44.09523782834337
44.06909362814138
47.737160730452835
44.03865175119387
44.07267502542933
29.741713777724513
36.30354988869409
50.23411091960685
46.77842067647043
44.40359613483528
46.59397871614136
46.16170406348661
44.06515409112465
46.09759705203243
45.89847136282278
43.68552597860266
45.977262103157535
45.88342949421342
43.67406550728125
45.95111790295555
45.89847136282278
43.75321438734479
46.63158338766476
45.89847136282278
44.05011222251529
46.26699714375214
35.80358682729722
35.55539599524275
35.160367874382615
30.632765422964788
39.16902585877747
36.10979629541636
31.7233008971435
50.791018197882025
44.320865857483795
46.78594161077511
46.62048105607214
44.249237911724926
47.04917431143894
46.76337880786107
44.147884368476134
45.969741168852856
46.218290140636114
44.13678203688351
46.391271629643775
46.41741582984576
46.61296012176746
36.047838122334944
47.05096501008291
48.17910515578503
48.35387734343666
44.73451724424124
44.489907809474715
47.549137372835816
44.260698383046346
44.200530908608904
47.10934178587639
44.90749873324889
44.41863800344464
47.173090657601776
44.0049866166872
44.132842499866776
46.93994169415667
44.38497286893798
44.456242674968045
47.45888616117965
44.40359613483528
44.3584705290072
33.78403689662603
33.68232521364844
36.720782672739475
36.30354988869409
38.15549042628953
36.94282930459195
31.53527753952648
50.82074379537195
44.67041023278705
47.8087886762117
46.93994169415667
44.36241006602393
44.64784742987301
47.37221634681142
44.23813558013231
44.508889215100815
47.28232327488404
44.125321565562096
44.523931083710174
48.01937483674276
44.03113081688919
29.1622436965353
71.30203860566166
47.78801657194163
46.9890068370015
46.10905752335385
43.73817251873543
46.85363001951724
45.93965743163413
43.783298124563515
46.379811158322354
45.90599229712746
43.88465166781231
46.14666219487725
46.05641098322108
43.764316718937415
46.158122666198665
46.225452935212
43.88107027052437
46.34972742110363
46.14272265786051
46.496206570180505
33.94555791431227
43.60243756152238
34.032227728680496
35.97835901494884
34.912177042328146
37.88867632833776
32.21968256125243
52.48680981372314
47.16950926031384
44.47128454357741
46.849690482500506
46.00770398010505
44.01608894827982
46.58287638454873
45.875908559908744
43.67406550728125
45.8723271626208
45.76309454533853
43.68158644158593
46.131620326267885
46.40989489554108
35.510270389414664
57.112184411101815
35.02499105689836
31.245542498931872
37.721066935262016
43.85814932788153
47.55486760849652
48.24464472615439
44.43009847476606
44.456242674968045
47.48896989839837
44.38855426622592
44.52034968642223
47.50043036971979
44.50136828079613
44.181549502982804
48.04551903694475
44.48632641218677
44.29830305456975
46.92096028853057
44.70837304403925
34.46486052106404
35.780665884654375
35.23736791607339
31.937468454962502
33.24252962668901
55.84830930818665
45.04287555073315
44.27180071463897
47.35753261793085
44.866312664437544
44.347368197414575
48.3388354748273
37.86396468705095
44.50530781781287
47.75972353336688
44.159344839797555
44.64820556960181
46.83858815090788
44.38855426622592
44.27932164894365
44.48632641218677
39.93043092219419
51.63515353865024
32.133370886613
32.1143894809869
32.00336616506066
32.35111984171995
40.93823611902142
35.2430981517341
55.352285783806515
44.5540148209289
46.13520172355583
46.10905752335385
44.3774519346333
45.781717811235836
46.40237396123639
43.83952606198422
46.30818321256349
46.849690482500506
44.001047079670464
47.233258132039225
46.23691340653342
33.547306535892986
52.520474948229804
35.50239131538119
34.88567470239737
36.87872229313777
32.91912945158774
36.49909418061579
34.57910709454943
50.46188778712004
45.25346171126421
47.83135147912574
46.1183691563025
44.87741499603017
46.78594161077511
44.25317744874167
44.166865774102234
47.402300084030145
44.23813558013231
44.01608894827982
46.849690482500506
48.20704005463099
29.132159959316574
34.99848871696758
52.42270280226896
51.90590717361875
45.05039648503783
47.42486288694418
44.50530781781287
44.07267502542933
48.02689577104744
44.29078212026507
48.50071463224233
46.84610908521256
44.47880547788209
44.309405386162375
46.876192822431285
44.26427978033429
44.43367987205401
47.44384429257028
44.74203817854592
45.41892226596718
44.47880547788209
37.65158782787592
31.71577996283882
37.33033649114741
36.08150325684161
33.60747401033043
34.12999987464135
37.55381568191507
35.175409742991974
34.50604658987538
53.31769398452597
46.19357849934931
44.16650763437344
47.60178391296858
44.42221940073259
44.22309371152294
47.81237007349964
44.59520088974024
44.43009847476606
47.428802423960924
44.328386791788475
44.320865857483795
29.39181126269246
68.19231134054057
33.911892779805605
36.20577774273324
34.32339532819028
37.19102013664642
37.74183903953209
35.74700075014771
61.29776342152106
46.71825320203299
44.36599146331188
46.28955994666618
46.16170406348661
43.73817251873543
45.91745276844888
46.11657845765853
44.21199137993032
46.20682966931469
46.74833693925171
43.952340076554435
46.35724835540831
36.040317188030265
58.698743409660665
35.19045161160133
36.7698478155843
36.41278250597636
34.40612560554177
30.34696991938692
34.46844191835198
53.009335678034056
44.76460098145996
44.166865774102234
48.421565752178786
44.44514034337542
44.33196818907642
47.173090657601776
44.824768455897406
44.448721740663366
47.616825781577944
44.39965659781854
44.31334492317911
44.58409855814762
34.81977699229921
34.52108845848475
40.30110554149632
52.15194916730045
44.86989406172549
45.22337797404548
47.57170017574986
44.456242674968045
44.25317744874167
47.62792811317057
44.54649388662422
44.43009847476606
47.51905363561709
44.42221940073259
44.44120080635869
46.98112776296802
44.456242674968045
44.843749861523506
47.59068158137596
44.23061464582762
44.51247061238875
33.80266016252334
36.43140577187366
39.22167239891023
35.476247115179206
35.08300969296304
31.663133422706053
31.760905568666903
34.791842093453255
51.04279042722443
46.65056479329086
44.249237911724926
46.03742957759498
46.184266866400655
43.95592147384238
46.16922499779129
46.73329507064235
43.99746568238252
43.80192139046082
46.184266866400655
44.039009890922664
46.66560666190022
33.44953438993213
81.68092794612113
35.70545654160757
34.2463952864995
36.82249435571706
38.189155560796195
30.625244488660105
33.620367040567025
56.49152826110125
46.37014138564491
47.37615588382816
47.09429991726703
44.48632641218677
44.25675884602961
46.90233702263327
48.072021376875526
44.106340159935996
46.95498356276604
44.59555902946904
44.41111706913996
44.28326118596039
42.532674191613744
36.23192194293522
37.59894128774315
37.29273181962401
47.04344407577823
47.748621201774256
44.93400107317967
46.387332092627034
46.40595535852434
44.13678203688351
45.86086669129938
46.10905752335385
44.04653082522734
45.849406219977965
46.09401565474448
44.07661456244607
43.78687952185146
43.67012597026451
44.159344839797555
44.166865774102234
46.30818321256349
34.14504174325071
36.74155477700955
36.10442419948445
34.323753467919076
35.05149339682914
33.18236215225157
35.35985170332105
43.37501883373799
50.10052480076657
45.193294236826766
48.88786367906899
45.06937789066393
45.29464778007556
54.85554597996879
44.692973035701094
44.03507035390592
47.575639712766595
44.5350334153028
44.45230313795131
48.011853902438084
44.26463792006309
38.024053145822016
54.733420332449924
38.18557416350826
37.01803864763876
34.6940699474924
40.20691479282341
31.907742857472574
31.85509631733981
51.76265128210102
46.99258823428944
46.65808572759554
44.132842499866776
46.63158338766476
46.04530865162845
43.892172602116986
46.33468555249427
45.92103416573683
44.00856801397514
43.68158644158593
46.353308818391575
46.32358322090165
35.05149339682914
75.23942678402645
30.86233298912195
39.968035593717595
36.7698478155843
36.228340545647285
36.5553221180365
32.151994152510305
58.305864127173294
47.92912362508659
44.5540148209289
44.18942857701628
47.50401176700773
47.744681664757515
44.467703146289466
47.3797372811161
44.56547529225031
44.42615893774932
48.15833305151496
44.39213566351386
44.34701005768578
29.00824361315374
37.50295984042628
37.02949911896018
49.48774772479948
47.917663153765176
44.791103321390736
44.94116386775556
47.25940233224121
45.07295928795187
48.09816557707751
47.09788131455497
44.663247438211165
44.68187070410847
47.041295237405464
44.45230313795131
44.5350334153028
48.3388354748273
44.24565651443699
44.11027969695273
47.44384429257028
44.60666136106166
35.07011666272644
31.539217076543217
40.122035677099156
31.170333155885064
32.90408758297838
36.927787435982594
31.922784726081936
35.96904738200019
48.03047716833539
47.56596994008915
45.28748498549967
48.27866800038985
48.23748193157851
44.15146576576408
49.65499897814643
44.320865857483795
47.75972353336688
47.07531851164093
47.76330493065482
44.328386791788475
48.03047716833539
30.589430515780673
51.08970673169649
36.50661511492047
34.69048855020446
34.67723738023907
39.11279792135676
36.89197346310316
31.433923996277688
50.35623656712571
44.41863800344464
43.925837736623656
43.72671204741401
44.347368197414575
44.3584705290072
43.95592147384238
44.11780063125741
46.6355229246815
46.2634157464642
43.67012597026451
46.387332092627034
43.933358670928335
35.468726180874526
72.75178822782108
35.859814764717925
44.24565651443699
36.52917791783451
33.8742881082822
36.13056839968643
37.31672718145323
55.77524880351261
44.839810324506765
48.16585398581964
44.482745014898825
44.40359613483528
46.99652777130618
44.03865175119387
44.41111706913996
47.65443045310135
44.3774519346333
44.516410149405495
46.857211416805185
44.132842499866776
35.14532600577325
34.705172279085026
34.03401842732447
47.848184046379075
44.8061451900001
49.102031236887996
44.83587078749003
44.42615893774932
48.35387734343666
44.41863800344464
44.490265949203504
47.597844375951844
45.080480222256554
44.489907809474715
47.05633710601483
44.38103333192124
44.5350334153028
47.428802423960924
44.35453099199046
44.54255434960748
45.215857039740804
36.527387219190544
35.03609338849098
36.88266183015451
36.0252753194209
32.407705918869446
34.98380498808701
34.66219551162971
48.10389581273822
50.70792978080174
44.68187070410847
46.8310672166032
46.172806395079235
44.0615726938367
46.0864947204398
47.011569639915535
44.12926110257883
46.0488900489164
46.3010204179876
44.805787050271306
46.353308818391575
46.46612283296179
35.021051519881624
73.77069575624093
36.055359056639624
35.32582842908559
36.3787592317409
40.68431505130624
30.538932814020676
35.741270514487006
51.14235327182925
45.10662442245854
47.80090960217822
44.49384734649145
44.132842499866776
46.93994169415667
44.39213566351386
44.01608894827982
46.96250449707072
44.40359613483528
44.260698383046346
47.86859801092035
44.26463792006309
35.30684702345949
33.31773896973582
44.31513562182308
37.72894600929549
54.175438634988375
45.28712684577088
46.80456487667242
46.28955994666618
43.86208886489827
46.210769206331435
45.875908559908744
43.93729820794508
46.14272265786051
45.87948995719668
43.911154007743086
46.04530865162845
46.00734584037626
43.71525157609259
45.96222023454817
47.440262895282345
46.515187975806604
34.622800141462335
33.159799349337526
35.57401926114005
33.35319480288646
35.859814764717925
31.53527753952648
34.57373499861751
57.285165900109476
46.46254143567384
44.3394891233811
46.312122749580226
46.7744811394537
44.08377735702195
45.84188528567328
46.10905752335385
44.1629262370855
46.338625089511005
46.27057854104009
44.17796810569486
47.62076531859468
46.27093668076888
33.219966823774975
66.74614311566908
35.524954118295234
32.51299899913498
34.08881380583
36.183214939819194
36.94282930459195
33.77078572666064
52.48501911507917
45.48661067470931
48.94051021920176
44.62922416397571
45.6069456235842
46.71825320203299
44.41469846642791
45.98299233881824
48.36139827774134
44.208051842913584
43.93371681065713
48.22960285754503
44.29078212026507
29.617439291832884
62.26187557143538
33.55661816884164
38.99962576705775
31.501612405019813
35.73947981584303
30.854812054817266
35.852293830413245
56.625114379941536
46.87261142514334
46.29349948368292
43.963800547875856
46.755857873556394
46.01880631169767
43.68910737589061
46.03384818030704
45.97368070586959
43.70020970748323
45.95863883726023
46.20682966931469
46.47006236997852
34.94226077954687
37.33033649114741
35.89347989922459
47.96099806094929
47.10540224885965
46.61689965878419
44.448721740663366
46.387332092627034
46.327164618189585
44.68939163841315
46.500146107197246
46.06035052023782
43.74927485032806
45.97368070586959
46.22939247222874
43.790819058868195
45.94001557136293
45.97368070586959
43.78687952185146
46.16170406348661
46.59397871614136
34.52860939278943
33.391157614138656
35.19045161160133
31.03889587541755
40.53031496792468
30.937542332168757
36.26594521717069
34.157934773487305
41.50409689051644
51.03526949291975
44.463763609272725
46.45502050136916
47.1845511289232
44.10275876264805
46.41741582984576
46.131620326267885
44.07267502542933
46.78200207375838
45.917094628720086
44.181549502982804
46.488685635875825
35.18293067729665
51.31533476083691
36.07792185955367
33.877869505570146
30.444742065347768
41.49084572055106
35.08157713404786
35.95006597637409
56.47648639249189
45.18971283953882
44.64068463529712
47.75578399635014
44.36599146331188
45.18971283953882
47.65049091608461
44.208051842913584
44.01644708800862
46.70679273071157
43.82090279608692
44.36241006602393
44.47486594086535
36.8769315944938
62.77329910415367
37.29237367989521
41.78237145978964
31.001291203894144
35.89741943624133
37.92234146284443
32.55812460496306
56.32248630911033
45.215857039740804
46.44749956706448
46.387332092627034
44.09129829132663
46.13914126057257
46.03384818030704
43.805502787748765
45.996243508783635
44.16650763437344
44.17044717139018
47.34607214660944
46.39843442421966
35.3820563665063
36.57967561959451
32.74220842556335
51.06929276715521
44.50136828079613
46.19536919799328
45.977262103157535
44.03865175119387
46.680648530509586
46.72577413633767
43.797981853444085
45.8909504285181
46.32358322090165
43.993526145365784
45.992303971766894
45.827201556792716
43.73029344470196
46.06035052023782
46.011285377392994
43.90721447072635
46.500146107197246
35.39351683782772
36.70215940684217
35.78818681895906
36.867619961545145
37.443150505717625
37.832090251188255
31.294607641776693
37.9431135671145
52.03913515273024
44.847331258811444
44.24565651443699
48.06808183985879
44.516410149405495
44.45266127768011
47.98177016521936
44.020028485296564
44.125321565562096
47.78228633628092
44.82834985318535
44.7685405184767
44.20447044562564
31.51450543525641
77.02188821423579
31.15923082429244
33.012962060531855
30.869495783697833
36.94282930459195
36.5044662765477
34.82550722795992
57.88684064448393
44.65930790119443
47.38367681813284
46.42135536686249
44.136423897154714
46.04136911461172
46.05247144620434
44.05011222251529
46.16564360050335
46.01486677468094
43.832005127679544
46.496206570180505
46.368350687000934
32.50941760184703
36.86941066018912
38.243950939301726
31.85509631733981
55.63808128738438
45.97905280180151
44.73809864152918
48.27866800038985
45.21943843702875
44.49384734649145
47.53051410693851
47.402300084030145
44.77964285006932
47.46640709548433
44.328386791788475
44.448721740663366
47.01515103720348
44.497428743779395
44.3394891233811
47.87611894522503
44.65536836417769
35.38599590352303
37.382983031280176
32.875794544403625
31.948928926283923
38.06702991327733
31.29102624448875
33.47173905311738
57.09141230683174
48.748547324568
44.43009847476606
44.16650763437344
47.342132609592696
44.68939163841315
44.508889215100815
47.10146271184291
45.46762926908321
44.42257754046138
46.94746262846135
44.70801490431045
47.093941777538234
44.27215885436777
30.94291442810067
57.52368695948649
34.23135341789014
36.68711753823281
30.673951491776133
36.81497342141238
38.09532295185208
32.17455695542434
55.14169962327545
44.64032649556833
47.203532534549296
46.210769206331435
44.155405302780814
46.379811158322354
45.8909504285181
43.775777190258836
45.88342949421342
45.91351323143215
43.587753832641816
46.09795519176122
46.17316453480803
33.19740402086093
79.12954051819038
32.02055687204279
36.72114081246827
36.780950147176924
36.19073587412388
30.23057450752876
41.900915710020556
58.01290582901954
49.13605451112346
47.55271877012376
45.31362918570166
44.52034968642223
47.08677898296234
44.456242674968045
44.29830305456975
47.9287654853578
44.62922416397571
44.456242674968045
46.96250449707072
44.30976352589117
29.621020689120826
45.88915972987413
40.7312313557783
47.2540302363093
45.18971283953882
48.40652388356943
44.320865857483795
47.756142136078935
47.33855121230476
44.448721740663366
44.80220565298336
47.52657456992178
44.5540148209289
44.68939163841315
47.55271877012376
44.27180071463897
44.35094959470251
57.11182627137302
134.76189156991404
47.182760430279224
45.63702936080293
37.08357821800812
38.61605811751903
32.9470643504337
32.25370583548789
30.68183056580961
35.2054934802107
34.7259443833551
35.20907487749864
37.14589453081834
51.84359086080854
45.08800115656123
45.07689882496861
47.43990475555355
44.00856801397514
44.3774519346333
47.50401176700773
44.26427978033429
44.06873548841259
47.80843053648291
44.467703146289466
44.26427978033429
33.28013429821242
37.83388094983223
36.83395482703848
37.1985410709511
39.234565429146826
31.640570619792012
37.3564806913494
31.114105218464356
52.74073088143832
47.51941177534589
44.29078212026507
43.971321482180535
47.05311384845568
44.10275876264805
46.044950511899664
45.8909504285181
44.01608894827982
45.76667594262647
45.9099318341442
43.798339993172874
46.01880631169767
35.19797254590602
65.32862606910116
37.175978268037056
50.74947398934188
36.10048466246771
34.03043703003652
35.95758691067877
39.01287693702314
55.434657921429206
45.866238787231296
47.47392802978901
47.6508490558134
44.82870799291414
47.57922111005454
48.0043329681334
44.92254060185825
47.51511409860036
47.33103027800007
47.29736514349341
47.29342560647667
44.45266127768011
34.71090251474574
38.28907654512982
36.36944759879224
51.26053938233138
48.624630978405165
45.09194069357797
48.15081211721028
44.81366612430478
44.88493593033485
47.804849139194964
44.88493593033485
44.67041023278705
51.55779535723067
44.45230313795131
44.54649388662422
47.01515103720348
44.497428743779395
44.42615893774932
47.87253754793709
44.93364293345088
45.03141507941173
35.22805628312474
35.55897739253069
37.935592632809815
32.00909640072137
38.49393247000017
36.74334547565352
33.93803698000759
38.25505327089435
50.7419530550372
46.82712767958646
44.508889215100815
46.40595535852434
46.319643683884905
43.71167017880465
45.89847136282278
46.003764443088315
44.020028485296564
46.00018304580037
46.05247144620434
50.18540391649083
6.8780734914949635
