130.1349331625679
46.90091869943588
115.9392154188287
143.08224597652287
135.26392209095852
163.94414522484485
182.36639050194992
108.84286064928413
109.4144195327998
164.60595024786298
139.37613784762127
140.8080432610605
123.1649229883268
130.62827872518142
109.84158459311152
122.31961748165362
147.61861858884726
153.43046997280658
101.35243107057877
125.40302724798816
148.81889224423014
126.41378401041587
102.1014740284493
100.24240355469833
115.70758366077234
123.05061121162366
109.82052716056094
142.22490765124937
111.58333508550926
136.3167937184874
100.49509274530526
99.82125490368679
101.55097257748422
182.74241608321023
101.17795520087398
100.6785932289603
126.63639115452197
100.51615017785583
100.87412653121565
147.39901964939122
154.38106264223265
100.76583116381269
114.69381869369455
120.35225164049969
99.8362959269372
100.42289583370328
98.0855208205892
123.17695580692713
168.0172543210565
136.68680289044752
147.9675703282568
175.85663563917143
107.52827521719809
121.06519614256923
158.9023942313066
138.8888086943079
161.17960515141905
129.82207987895933
126.65143217777239
99.98670615944133
181.0126984094128
100.38980558255237
100.62444554525881
135.36319284441123
100.61542093130856
147.89236521200473
100.85607730331516
118.90530520381002
158.49929480819554
107.48916855674702
114.72690894484545
99.98369795479124
100.86811012191549
151.7819738245614
100.45598608485419
100.01979641059224
100.80493782426376
146.5777797799187
99.89044361063868
100.01678820594215
100.06792768499355
100.84404448471483
115.2683857818603
100.6605440010598
100.7808721870631
99.7851564478858
155.05790868850121
100.6424947731593
125.76702001064814
120.90275309146477
161.38717127227474
173.81105647711536
100.74778193591219
100.15215741519586
100.27248560119916
142.36629326980324
100.69664245686079
99.2166057690202
152.29938502437557
115.80685441422506
101.04559419627036
100.18223946169668
100.18524766634677
99.73702517348448
100.813962438214
100.9162413963168
100.88014294051582
150.54860991802758
168.36921426511617
152.06775326631922
126.15808661515887
112.94003538269646
124.4343853506616
122.84304509076797
169.60859458095013
101.1238075171725
100.92827421491714
100.68460963826045
100.58533888480774
99.80621388043637
176.12737405767885
100.68460963826045
147.12226482158363
100.18223946169668
119.82280762208516
99.8182466990367
101.03055317301994
186.4575488260621
102.41733551670796
134.25918173783097
104.21323369280721
114.98862274940262
136.37394960683895
109.54978874205351
125.03301807602801
135.73621022102145
135.15863492820563
114.01998085207607
128.18862475396452
167.11479292603175
134.86082266784746
163.89300574579343
100.97941369396854
142.03238255364408
100.34769071745121
100.18223946169668
101.15088135902324
132.77312864069023
101.03356137767003
100.23337894074808
100.62444554525881
103.79208504179566
165.1384024709276
112.54295236888558
103.68679787904277
100.31760867095039
167.35845750268845
108.52699916102547
101.1749469962239
147.51633963074443
148.22627592816391
125.56246209444254
133.06793269639832
100.30557585235006
100.51615017785583
100.0258128198924
100.54924042900674
100.00174718269173
100.3356578988509
143.30485312062896
100.94331523816756
100.60037990805814
126.29044761976249
193.8005763769134
111.78789300171488
162.2144275510474
101.36747209382918
100.50110915460543
127.22599926593814
147.42308528659188
100.2123215081975
100.04987845709306
136.82217209970125
100.48005172205485
101.21104545202489
100.30557585235006
100.1972804849471
99.8182466990367
142.2339322651996
100.12207536869504
107.10111015688638
99.61669698748118
103.0971897676266
97.27330556506693
132.8964650313436
110.22964299297216
156.45973205543964
167.69838462814778
108.8819673097352
130.30640082762258
154.99774459549957
101.2591767264262
102.4805078143597
100.32061687560048
100.76883936846276
148.93621222558338
169.1874459299386
146.72518180777274
123.36647269988232
114.49226898213902
122.86109431866846
100.48305992670493
100.01077179664199
100.05288666174314
98.38333308094737
129.07303692108877
109.66710872340673
155.1060399629025
126.28443121046233
181.92719262303788
477.6577753633459
126.45890708016711
150.39819968552345
162.65663363460953
100.58233068015765
115.28041860046064
100.04687025244297
100.72371629871154
99.55653289447953
99.88141899668844
101.38552132172967
101.51186591703313
149.6732223648536
140.3989274286493
100.30858405700015
145.47677687798853
172.19264237537098
147.06510893323207
134.50886272378781
114.66975305649389
100.13109998264528
101.10275008462192
160.8607354585103
101.02453676371978
100.01378000129206
101.11779110787234
109.14067290964229
138.3052169921919
101.01551214976953
100.39883019650263
99.57458212238002
100.26045278259883
107.60949674275032
114.58853153094167
99.96564872689075
100.32964148955072
105.77750011085008
160.36438169124668
144.05690428314958
130.60120488333067
167.4908185072921
100.92827421491714
164.63302408971373
100.94632344281763
100.33264969420081
101.30730800082753
100.12508357334512
101.00949574046936
114.91040942850049
137.6343873552235
147.00193663558034
100.73875732196194
167.3013016143369
100.76883936846276
99.80320567578629
100.20329689424726
100.1461410058957
103.07312413042594
145.74751529649595
167.3013016143369
106.81533071512854
105.02244074367938
128.41424010272073
105.13675252038252
105.86473804570248
104.67950541356998
152.3655655266774
105.48570425979209
135.7783250861226
101.50584950773298
122.17221545379958
100.71769988941136
100.11305075474479
115.03675402380395
99.41815548057573
114.14933365202963
99.8182466990367
100.50712556390559
127.65015612159976
119.82882403138534
181.48197833482567
116.643135306948
101.20202083807465
185.6994812542413
164.02837495504716
160.7584565004075
122.77987279311624
101.69235819603809
100.66956861501005
101.0034793311692
125.64669182464485
140.63356739135574
109.33319800724757
100.82900346146441
172.23776544512222
102.08041659589873
143.30786132527905
101.07567624277118
124.99090321092686
136.40403165333979
130.94714841809017
196.66137899914185
153.65608532156278
105.91888572940397
106.53556768267087
120.89974488681469
121.65781245863548
100.82599525681434
99.49035239217771
115.55717342826821
100.01378000129206
115.51806676781715
151.62855538740718
100.99746292186903
99.95361590829042
100.68160143361038
155.6625578231678
100.89819216841632
99.41815548057573
100.72672450336161
171.83466602201116
106.14450107816015
164.23894928055293
105.99409084565603
144.50813498066196
105.81660677130117
160.50576730980058
190.4554528060217
163.87495651789294
100.85306909866507
100.47403531275468
167.1448749725326
147.38097042149073
100.82298705216425
101.17795520087398
127.67422175880043
122.13912520264867
99.8874354059886
147.38397862614082
101.0215285590697
146.06939319405475
123.27321835572977
156.6221751065441
109.89874048146308
107.89226797985808
100.39883019650263
159.85599510538276
100.60037990805814
100.02882102454248
100.7808721870631
99.98971436409141
100.57330606620741
100.46200249415436
139.49345782897447
101.03356137767003
101.84276842854221
100.03483743384264
100.44996967555403
101.66528435418735
100.5913552941079
99.98971436409141
139.3550804150707
125.40904365728832
470.001894528886
116.88980808825475
112.31132061082923
148.51506357457183
129.73785014875702
161.78124608143554
147.36592939824033
188.2895454579623
105.810590362001
166.23038075890753
141.41870880502725
109.23693545844493
135.68807894662015
100.04085384314281
100.37476455930197
100.17020664309635
101.07868444742127
149.98607564846216
100.84705268936492
143.5394930833354
104.10794653005432
114.79308944714727
150.20868279256825
200.40659378849452
101.21405365667498
106.44231333851832
148.08489030961002
100.07093588964364
100.36273174070163
100.13109998264528
101.66829255883742
100.29053482909966
126.6995634521737
99.47531136892731
140.84113351221143
99.54149187122911
100.92827421491714
129.67768605575534
147.1974699378357
100.03182922919257
100.80192961961367
155.4579999069622
116.73037324180038
192.26940021002142
106.99582299413349
105.3142365947374
106.45434615711865
129.1933651070921
100.02882102454248
114.5133264146896
101.09974187997184
99.94158308969008
100.4529778802041
99.51140982472829
100.88615934981598
100.55826504295699
159.93721663093498
100.46200249415436
133.75079515196703
100.36573994535172
100.28752662444957
100.13711639194545
124.75927145287051
146.27695931491047
154.25471804692918
105.60001603649522
141.48488930732907
112.94304358734655
105.78652472480033
131.75635546896234
131.50968268765558
233.39456598129894
108.28935099366896
114.99163095405271
127.28616335893979
167.63220412584596
101.21104545202489
100.09800973149437
147.70284831904956
101.38852952637976
100.89518396376623
99.74905799208481
125.84824153620036
121.4983776121811
164.63603229436382
164.35927746655622
110.00101943956588
99.65881185258233
101.00949574046936
146.2679347009602
101.12079931252242
100.3356578988509
101.59609564723544
99.98670615944133
157.4464231806667
141.21114268417156
100.5041173592555
99.81523849438662
100.9703890800183
99.61669698748118
101.37048029847927
152.35654091272716
100.32964148955072
99.8693861780881
189.2220888994879
108.00657975656121
122.7016594722141
157.6810631433731
106.24076362696279
174.28936101647847
159.96429047278573
118.9263626363606
106.00612366425636
107.33575011959282
100.41387121975303
115.22326271210906
101.54796437283413
132.5354804733337
102.09545761914914
99.80320567578629
100.27549380584924
100.19427228029701
152.37759834527773
100.15215741519586
137.03876283450717
191.06311014533836
105.53985194349357
105.50676169234266
121.53146786333201
116.49874148374403
108.85489346788447
149.4265495835468
167.3855313445392
109.603936425755
101.18397161017415
100.3867973779023
101.44267721008124
158.00895745023212
101.83374381459197
101.42161977753067
100.32663328490064
153.93885655867052
100.66355220570988
133.32964650095548
124.87358322957364
101.02453676371978
97.15297737906363
129.54532505115174
138.51879952234776
325.52083339007476
161.86848401628794
105.51578630629291
100.22736253144792
101.49682489378273
145.3263666454844
126.26036557326167
101.54194796353396
99.72198415023406
100.65452759175963
100.42289583370328
100.26045278259883
150.60576580637914
100.97941369396854
100.39281378720246
100.88615934981598
144.76984878521912
109.38433748629897
143.19956595787608
112.67230516883912
133.61542594271333
106.24076362696279
163.7275544900389
113.32508557790702
124.63292685756704
105.56692578534431
106.4272723152679
157.48552984111777
105.482696055142
102.67604111661505
100.60639631735832
100.58233068015765
143.08224597652287
100.27549380584924
100.01378000129206
134.22609148668005
106.28889490136412
99.57458212238002
100.01378000129206
97.85388906253284
113.37321685230835
153.7553560750155
144.18926528775322
100.47403531275468
99.646779033982
99.53246725727887
100.20028868959717
100.59737170340807
100.48305992670493
143.7470592041911
100.6274537499089
100.1792312570466
160.28316016569445
100.51915838250592
99.98670615944133
100.26045278259883
100.03784563849273
100.17020664309635
158.35790918964167
151.25553801079695
177.13211441080642
113.49354503831164
178.0616496476819
194.93767773464458
133.38379418465698
112.1097708992737
255.70942807561076
154.17048831672687
127.0424987822831
132.82426811974162
147.01998586348083
100.22435432679784
99.96865693154083
100.38378917325221
125.8933646059516
100.24240355469833
100.13711639194545
100.01678820594215
150.53657709942723
100.9342906242173
154.56456312588767
168.11351686985915
133.54322903111134
107.6967346776027
171.24204970594494
105.25708070638582
135.0232657189519
206.39592924680872
101.43064439148091
100.37777276395205
99.31286831782285
100.22736253144792
99.77312362928546
170.8690323293347
100.95835626141796
100.69965066151087
122.24441236540156
99.95060770364033
99.87540258738827
143.63876383678812
120.06647219874185
159.96429047278573
125.21952676433312
111.23137514144962
114.91642583780065
108.66537657492927
103.07914053972611
170.8359420781838
148.22627592816391
99.75808260603506
101.02754496836987
100.11305075474479
101.51788232633331
109.11961547709171
100.57932247550757
100.28151021514941
131.4555350039541
100.39281378720246
99.93556668038993
160.58097242605263
99.85434515483769
115.75270673052358
100.35370712675139
124.08543361125203
201.6128838531776
106.37312463156641
107.66966083575197
104.77576796237263
125.52636363864154
105.518794510943
105.32326120868764
105.59099142254497
115.02171300055353
143.744050999541
105.02244074367938
177.2554508014598
179.90868730283253
147.09218277508282
139.60175319637744
100.44395326625386
125.25261701548403
160.6862595888055
100.23638714539817
100.07996050359388
99.06920374116616
162.2174357556975
151.73384255016006
141.31342164227436
101.07868444742127
100.62143734060872
100.57330606620741
114.43511309378745
100.15817382449602
100.1100425500947
130.96519764599066
99.7159677409339
100.19427228029701
100.3356578988509
130.77868895768555
99.9205256571395
100.42289583370328
100.57029786155732
148.6383999652252
99.20758115506996
100.96136446606805
147.92244725850557
205.9356739353461
177.0990241596555
164.06447341084814
138.6812425734522
124.53967251341449
105.82863958990148
128.1946411632647
115.22025450745898
101.8277274052918
100.4379368569537
100.28151021514941
100.26947739654908
136.6928192997477
99.53246725727887
99.48734418752763
100.54322401970659
100.813962438214
100.36573994535172
113.9477839404741
139.4212609173725
164.32017080610515
125.38497802008766
192.1370392054178
106.8393963523292
107.06801990573547
106.01514827820661
140.2455089914951
159.86802792398308
166.42591406116287
142.36328506515315
148.23530054211415
100.21833791749768
100.97941369396854
160.23502889129315
100.82298705216425
99.5956395549306
100.80794602891383
100.14313280124561
100.5402158150565
135.04131494685242
129.91834242776196
129.8250880836094
109.25799289099551
169.56647971584897
137.62536274127325
154.90749845599709
101.39454593567993
150.5425935087274
100.36874815000179
142.70922859991265
101.32535722872802
112.20904165272643
100.43192044765352
140.022901847389
140.35681256354815
100.08597691289404
100.51314197320576
100.1461410058957
148.6203507373247
201.4594654160234
149.49273008584862
101.63219410303644
163.49592273198255
128.8293723444321
106.56865793382178
126.80785881957668
202.6777882993068
127.12071210318526
113.13556868495182
106.57166613847187
107.1823316824386
106.14750928281023
106.45735436176872
117.02216909285838
101.43966900543116
116.64614351159807
100.9703890800183
141.74058670258609
100.32964148955072
100.08597691289404
100.6424947731593
101.00047112651912
140.7629201913093
99.76109081068513
108.70749144003042
137.97130627603275
137.96829807138266
100.63948656850923
100.53720761040641
99.87841079203835
194.86848902769268
138.04049498298463
101.66528435418735
100.17622305239652
133.69965567291564
100.49810094995534
101.12681572182258
100.26646919189899
100.68160143361038
149.9620100112615
101.16592238227365
99.97768154549108
100.45598608485419
100.32362508025057
164.68416356876511
116.51077430234436
156.4657484647398
112.7114118292902
106.71605996167582
104.41779160901281
105.93994316195455
100.15817382449602
131.45252679930402
101.19600442877447
100.9342906242173
100.10703434544462
117.04924293470913
146.01524551035328
101.45771823333165
115.03374581915386
141.16601961442032
114.20648954038118
100.42289583370328
99.98971436409141
139.62281062892802
109.64003488155599
107.55835726369891
160.71333343065626
106.48141999896939
187.84132296510003
106.7551666221269
132.73703018488925
118.17731967849005
117.33201417181688
101.83073560994188
100.32964148955072
101.04860240092044
101.32836543337811
150.28990431812048
100.70867527546112
125.55644568514236
100.3356578988509
123.07467684882432
100.2123215081975
101.12079931252242
153.59291302391105
142.0835220326955
116.11669949318356
187.47131379313987
108.49390890987456
101.27421774967662
100.6785932289603
100.85908550796525
99.89946822458893
100.89518396376623
100.29655123839981
102.99190260487372
137.73365810867622
100.58834708945781
101.15088135902324
147.53438885864495
116.45963482329296
101.0034793311692
100.21532971284759
147.55544629119552
155.26246660470682
147.33885555638957
97.58315064402542
159.41378902182063
106.68296971052492
152.70248444748663
105.72034422249853
133.07695731034855
106.9928147894834
105.39244991563953
131.1456899249956
133.9102299984214
104.99837510647873
100.81095423356392
128.7301015909794
134.17194380297857
146.70111617057208
101.04559419627036
155.38881120001028
107.59144751484982
99.26473704342153
100.88615934981598
100.03483743384264
121.52845965868192
165.117345038377
106.8574455802297
109.64304308620608
108.18406383091607
130.35152389737382
100.97941369396854
126.9251788009299
128.06228015866108
121.7901734632391
116.27312613498785
100.23337894074808
136.19646553248407
99.64377082933193
100.03784563849273
100.34769071745121
101.22007006597514
99.69190210373324
111.77886838776463
148.88206454188187
100.80493782426376
127.26209772173912
124.03128592755056
261.88527222223007
139.68598292657975
104.43884904156339
128.33602678181856
101.22007006597514
101.09673367532176
100.62143734060872
101.74048947043941
149.27012294174253
126.5130547638686
135.75425944892197
101.55999719143446
194.79328391144062
100.75379834521236
99.75507440138497
100.95534805676787
99.97768154549108
116.88980808825475
142.101571260596
155.72272191616943
155.07294971175162
106.74614200817665
105.23000686453508
105.3804170970392
105.58196680859473
108.47886788662416
120.38233368700051
127.99910786100934
106.15954210141057
108.59618786797736
114.02599726137623
100.94632344281763
101.30730800082753
100.55826504295699
100.39281378720246
101.30429979617745
291.0859147605807
123.90794953689716
170.65544979917885
107.06501170108538
98.31414437399546
158.0149738595323
111.07795670429542
121.27276226342492
100.37777276395205
100.64851118245947
125.89035640130152
100.13109998264528
100.99144651256887
100.60338811270823
151.05098009459135
101.07868444742127
100.59436349875799
100.16719843844628
100.27549380584924
99.6317380107316
101.65325153558702
102.26993348885392
101.30429979617745
126.71460447542412
101.25316031712605
136.0069486395289
108.32845765412003
114.4441377077377
105.69627858529786
105.02244074367938
137.94724063883208
105.24504788778549
106.34003438041552
111.86309811796694
100.52517479180608
197.91580033822623
153.84861041916804
100.75379834521236
101.09673367532176
100.1611820291461
101.03957778697018
100.60338811270823
132.66784147793734
100.3356578988509
99.93857488504
114.63064639604282
98.24796387169366
128.57969135847526
149.27012294174253
166.70266888897046
105.08260483668104
108.8819673097352
108.5390319796258
245.45746662812968
101.04258599162027
137.2734027972136
101.42161977753067
125.09619037367975
153.2198956473008
100.57932247550757
140.71478891690796
146.98990381698002
101.23511108922555
125.51433082004121
106.92061787788143
155.40385222326069
141.1208965446691
134.1839766215789
107.03793785923465
150.53657709942723
183.70203336658653
104.33657008346059
100.12508357334512
147.80813548180245
100.85306909866507
101.20202083807465
101.79162894949081
148.50603896062157
147.00494484023042
99.86336976878795
100.38078096860212
160.47267705864965
100.75079014056227
147.3328391470894
101.43064439148091
122.42189643975642
100.24240355469833
168.0683938001079
138.1848888061886
111.77285197846446
161.3270071792731
105.2420396831354
106.10539441770908
123.90794953689716
105.61204885509555
104.87203051117527
107.99153873331079
106.77020764537731
106.30393592461452
105.49172066909226
229.45983429899107
101.2441357031758
101.25616852177613
112.97914204314753
101.59308744258537
100.49509274530526
153.6530771169127
129.81907167430924
99.80019747113622
23.334643470689763
279.97059857852594
