23972.133175521292
6616.645398609858
20591.63010973996
3437.153575751686
4075.3712661085337
6647.335102449999
19721.31138140135
4789.504009014863
4784.311847788821
12052.077126499731
14558.143231776488
5394.174201113991
6321.005062009052
20681.77998669363
5688.343525640907
13525.390476947374
15894.775795742986
6056.526717378451
22847.530908111206
5914.190506155149
10349.4784176228
19953.35526349476
5938.505824341765
18263.16840700407
10596.467060417823
9450.948746075715
21451.11027672432
5781.363229830757
16578.621934232284
13522.264952315938
7474.422921762275
23330.08604064489
5678.855648174546
14825.768158471077
14922.397708241026
6446.606630763946
21484.696881642492
5842.820850831942
12252.853729460185
16776.056421826495
5694.347902122471
20243.138625641855
8306.850304328447
9785.058003741775
20572.988265523396
5804.412093859689
16060.422584799777
13259.603563293987
7774.208564370894
23248.307997232398
