1979.1249131311115
1999.827377532979
1999.1234576448596
1999.86046778413
2000.922364025609
2002.4535401925011
1997.9412332173774
2000.7238225187036
2001.2081434673669
2000.0319354491846
2001.3735947231214
1998.4405951892911
1995.1436028928006
2000.4139774397452
2000.407961030445
2000.6877240629026
2000.2334851607402
2000.7990276349556
1999.6980247330255
1999.8694923980802
2005.7505324889914
2003.909511243141
1999.466392974969
1994.5570029860346
1998.548890556694
2000.263567207241
2001.211151672017
2000.0199026305843
2000.7508963605544
1999.682983709775
2001.0035855511612
2000.1612882491381
2000.4470676908961
1999.466392974969
2000.8591917279573
2000.8531753186571
2000.305682072342
2000.338772323493
2000.1312062026373
2000.486174351347
2006.9598307583246
1998.9219079333043
2001.5992100718777
2027.7134346392436
1972.3444198498255
2001.0697660534631
1999.1505314867104
2001.0126101651115
1999.355089402916
2005.3925561356316
1993.0468842516932
1998.6361284915463
2000.3838953932443
1999.6559098679243
2000.883257365158
2000.2154359328397
2001.2893649929192
2000.043968267785
1999.7220903702262
2000.4651169187964
2008.8399586646262
1997.8359460546244
1994.9661188184457
2000.1642964537882
2000.8712245465576
2000.2064113188894
2000.3688543699939
2000.814068658206
2000.2364933653903
2000.5734122861995
1999.6168032074734
2000.916347616309
2000.0710421096358
2000.7930112256556
1999.9236400817817
2000.7900030210055
2000.699756881503
2000.0590092910354
2000.558371262949
2000.2334851607402
2008.0578254556046
1999.785262667878
1995.4654807903594
1998.332299821888
2000.2184441374898
2000.6937404722028
2000.6817076536024
1999.9116072631814
2000.0620174956855
2001.0396840069623
2000.4681251234465
2000.669674835002
2000.1522636351879
1999.785262667878
2000.702765086153
2000.8200850675062
2000.8531753186571
1999.2889089006142
2000.8351260907566
2000.302673867692
2009.417533957442
1999.3821632447668
1999.2588268541135
1995.48954642756
1999.13849866811
2000.3447887327932
2000.080066723586
2000.0529928817352
2001.0607414395129
2000.0319354491846
2000.2334851607402
2000.9073230023587
1999.8454267608795
2000.2304769560901
2000.4982071699474
2000.850167114007
2000.113156974737
2000.0860831328862
2001.4939229091246
1999.8514431701797
2006.5687641538138
2000.5162563978479
2000.5974779234002
2000.0680339049857
2001.5450623881761
1999.385171449417
2000.5914615141
1999.8333939422791
2000.4139774397452
2024.5818935985078
1970.0912745669139
2000.6817076536024
2000.7448799512542
2000.046976472435
2000.2846246397917
2000.3297477095427
2001.1931024441164
2000.080066723586
1999.8574595794798
1999.8484349655296
2023.9501706219903
1986.6153427098168
1993.3597375353017
1998.6842597659477
2000.3598297560436
2000.3808871885942
2000.0199026305843
2000.630568174551
2000.6786994489523
1999.86046778413
2000.8381342954067
2000.7900030210055
2000.2003949095892
1999.6769673004749
2000.633576379201
2000.8080522489058
2000.2936492537417
2000.6365845838511
2000.2124277281896
2000.263567207241
2008.6564581809712
2000.0920995421864
1994.3464286605288
1998.4857182590422
2000.8050440442557
2000.2725918211913
2000.410969235095
1999.6679426865246
2000.8351260907566
2000.22446054679
2001.0396840069623
2000.0590092910354
2000.7208143140535
1999.7281067795263
2000.5312974210983
2000.4530841001963
2000.5643876722493
2000.0710421096358
2000.6516256071016
2002.3332120064977
2005.4226381821325
2000.9313886395594
1998.9249161379544
2001.0487086209125
1999.9477057189824
2001.1058645092642
1993.5312052003565
2000.630568174551
2002.9498939597647
1997.6343963430688
2000.1612882491381
2000.6275599699009
2001.1209055325146
1999.8905498306308
2000.116165179387
2000.94943786746
2000.2364933653903
2000.1071405654368
2000.302673867692
2000.0981159514865
2004.679611633562
2003.0551811225175
1999.568671933072
1999.7040411423257
2001.2713157650187
2276.9251406706762
1727.5036351749627
1993.149163209796
1998.6180792636458
2000.6095107420006
1999.646885253974
2000.771953793105
2000.441051281596
2000.1823456816887
2000.3658461653438
2001.0908234860137
2000.1312062026373
2000.083074928236
2000.850167114007
1999.643877049324
2008.0879075021055
2034.9993063017434
1962.182704541847
1997.0357636177025
2000.2876328444418
2000.3838953932443
1999.86347598878
2001.096839895314
2000.3267395048927
2000.4530841001963
2000.0018534026838
2000.4380430769459
2001.391643951022
1998.9820720263058
2000.5433302396987
2000.9073230023587
2000.3869035978944
1999.8003036911282
2001.247250127818
1999.6649344818745
2009.5198129155447
1997.9863562871285
2002.0684899972905
1994.6773311720378
1998.5879972171451
2000.630568174551
2000.7659373838048
1999.060285347208
2000.8682163419076
2000.0740503142858
2000.6756912443022
2000.0590092910354
2001.1299301464646
1999.827377532979
2000.4019446211448
2000.5463384443487
2000.633576379201
2000.3568215513935
2000.3237313002426
2000.3207230955925
2005.8889099028952
2001.7616531229821
1997.8630198964752
1999.8003036911282
2002.3542694390483
1998.6331202868962
2000.624551765251
1999.1535396913605
2001.0908234860137
1999.7431478027768
1998.4255541660407
1999.7611970306773
1999.8484349655296
2001.175053216216
2000.0560010863853
2000.3628379606937
2000.1221815886872
2000.9013065930585
2000.407961030445
2000.116165179387
2007.9044070184505
1999.13849866811
2000.4139774397452
1994.3013055907775
2000.22446054679
2000.6065025373505
2000.6817076536024
2000.9043147977086
1999.9055908538812
2000.3869035978944
2000.2124277281896
2000.6877240629026
2000.4320266676457
2000.4921907606472
2000.4139774397452
1999.9206318771317
2000.6034943327004
2000.0590092910354
2000.624551765251
1999.7792462585778
2020.2771527442396
1986.3776945424602
2000.22746875144
1999.421269905218
2000.5673958768994
2000.558371262949
2000.8050440442557
1995.2639310788038
2000.847158909357
2001.030659393012
1999.9176236724816
1999.9507139236325
2000.8531753186571
2000.3447887327932
2000.3688543699939
2000.046976472435
2000.5072317838976
2000.5132481931978
2000.0319354491846
2000.7117897001033
2004.309602461602
2000.3778789839441
2000.58845330945
2016.9831686523994
1983.9801554363446
1999.974779560833
2003.1995749457215
1998.951989979805
1995.5737761577625
1999.9627467422326
2000.732847132654
1999.713065756276
2001.3134306301197
2000.5974779234002
1999.8153447143786
2000.8080522489058
1999.977787765483
2000.3447887327932
2000.7930112256556
2000.8291096814564
2006.0483447493496
1999.7882708725278
2000.2003949095892
1994.8698562696432
2000.2816164351416
2000.9825281186106
1999.9898205840834
2000.2966574583918
2000.95545427676
2000.558371262949
2000.0229108352344
2000.1071405654368
2000.817076862856
2000.2786082304915
2000.1673046584383
2000.260559002591
2000.7599209745047
2000.0499846770851
2000.158280044488
2001.0035855511612
2262.985120322194
1743.155323969342
1998.8527192263523
2000.6937404722028
2001.472865476574
2000.2304769560901
1999.1024002123092
2001.508963932375
1999.8213611236788
1999.388179654067
2001.0035855511612
1997.3997563803625
1999.7311149841764
2000.2064113188894
2000.2034031142393
2000.6456091978014
2000.4741415327467
1999.4333027238183
2001.539045978876
2000.158280044488
2005.1609243775752
2001.725554667181
1999.9176236724816
1995.0984798230493
1999.8905498306308
2000.2455179793405
2001.3405044719705
1999.8243693283289
2000.7629291791548
2000.2756000258414
2000.2364933653903
2000.9374050488595
1999.607778593523
2000.850167114007
1999.971771356183
2001.0607414395129
1999.9386811050322
2000.8621999326074
1999.9386811050322
2000.5463384443487
2005.8889099028952
2029.3198159223875
1971.014793394489
1999.13849866811
2000.7418717466041
1996.3889996179348
1999.8935580352809
2000.8050440442557
2000.8531753186571
2000.007869811984
2000.1191733840371
2000.3568215513935
2001.1359465557648
2000.3207230955925
1999.8394103515793
2000.5162563978479
2000.850167114007
2000.5433302396987
1999.7792462585778
1999.971771356183
2005.0315715776217
1999.6288360260735
2001.4066849742724
1999.8093283050785
2001.575144434677
1999.318990947115
2000.5403220350486
2000.6456091978014
2001.138954760415
2000.847158909357
1995.269947488104
2000.8200850675062
2000.6516256071016
1999.7882708725278
2000.6756912443022
1999.9477057189824
2001.0156183697616
1999.3641140168663
2000.6065025373505
2000.4199938490453
2005.997205270298
2001.7345792811313
1998.8286535891516
1994.6893639906382
2001.575144434677
1999.4603765656689
2001.066757848813
1999.5566391144716
2001.144971169715
2000.0560010863853
2000.4320266676457
2000.774961997755
2000.7087814954532
1999.7732298492776
2000.5854451047999
1999.8785170120304
2001.1660286022657
2000.0710421096358
2000.338772323493
2000.4951989652973
2005.732483261091
1999.8063201004284
1999.5746883423722
2000.444059486246
2001.0096019604614
2000.5162563978479
1999.3069581285147
2000.1492554305378
2002.270039708846
1995.6489812740144
2000.257550797941
1999.8213611236788
2001.0216347790617
2000.7117897001033
2000.0710421096358
2000.257550797941
2000.705773290803
2000.407961030445
2000.1853538863388
1999.6709508911747
2004.7307511126135
2000.5132481931978
1999.7371313934766
2002.9137955039637
2000.4951989652973
1994.3073220000776
2000.2124277281896
2001.3074142208195
1999.9236400817817
2001.1299301464646
2000.2545425932908
2000.0981159514865
2000.771953793105
1999.9266482864318
2000.5042235792475
2000.116165179387
2001.0216347790617
2000.407961030445
1999.7551806213771
2000.522272807148
2004.7217264986632
2003.7109697362355
1997.9111511708766
2001.0396840069623
1999.6920083237253
1995.5467023159117
2001.0848070767136
1999.4844422028696
2001.3194470394199
2000.0890913375363
1999.9116072631814
2000.3508051420933
2000.5012153745975
2000.3568215513935
2000.3116984816422
2001.0607414395129
2000.0499846770851
2000.4741415327467
1999.896566239931
2001.4337588161231
2003.181525717821
2001.4247342021729
2000.3929200071946
2000.702765086153
2001.066757848813
1998.840686407752
2000.5102399885477
2000.699756881503
1999.8935580352809
2000.3116984816422
1997.2282887153078
2000.043968267785
2000.3959282118446
2000.3267395048927
2000.1793374770386
2000.6756912443022
2000.4801579420468
2000.3177148909424
2000.2665754118912
2000.621543560601
2004.7277429079634
2001.981252062438
1998.9850802309559
1996.3649339807341
1999.4874504075196
2000.4169856443953
2000.7629291791548
2000.5643876722493
2000.6185353559508
1999.935672900382
2000.9313886395594
2000.4681251234465
2000.1462472258877
2000.4801579420468
2000.1312062026373
2000.7298389280038
2000.2996656630419
2000.2515343886407
1999.974779560833
2001.2622911510684
2004.8119726381658
2002.0624735879903
1998.9188997286542
2000.1071405654368
1999.318990947115
2001.8278336252838
2000.305682072342
1999.5054996354202
1996.437130892336
2000.7117897001033
2000.3808871885942
1999.8514431701797
2000.9825281186106
1999.86046778413
2000.4951989652973
2000.5974779234002
2000.3267395048927
2000.3808871885942
2000.9374050488595
2000.0048616073339
2003.6778794850845
2003.1153452155193
1997.7787901662728
2001.3405044719705
2000.4982071699474
2001.211151672017
1995.6580058879647
2000.0018534026838
1999.682983709775
2001.0757824627633
1999.9055908538812
2001.1660286022657
2000.7508963605544
1999.9567303329325
1999.8364021469292
2000.9735035046604
1999.7341231888265
2001.1269219418148
1999.7100575516258
2000.58845330945
2006.4725016050113
1999.827377532979
2001.8819813089854
1995.9859001948237
1998.0585531987306
2000.335764118843
2000.1642964537882
2000.3447887327932
2000.9915527325609
2000.4320266676457
2000.666666630352
2000.0379518584848
2000.5162563978479
2000.2936492537417
1999.8905498306308
2000.486174351347
2000.5914615141
2000.6486174024515
2000.6847158582525
1999.8243693283289
2004.6465213824113
2001.4427834300734
2000.0349436538347
1999.4814339982195
2001.1359465557648
1999.719082165576
1999.7371313934766
2000.9795199139605
2000.4560923048464
2000.0590092910354
2000.335764118843
1997.893101942976
1999.3701304261665
2000.95545427676
2000.0379518584848
2000.558371262949
2000.3207230955925
2000.9674870953602
1999.8213611236788
2000.6456091978014
2004.929292619519
2001.4457916347235
1999.4483437470687
1995.7963833018684
2000.3538133467434
2000.1281979979872
2000.1642964537882
2000.7659373838048
2000.2485261839906
2000.5734122861995
1999.3400483796656
2001.572136230027
2000.2515343886407
2000.6937404722028
1999.7371313934766
2000.5343056257484
2000.817076862856
2000.5704040815494
1999.8905498306308
2000.7629291791548
2006.276968302756
2000.880249160508
1999.13549046346
1999.237769421563
2000.3959282118446
2000.5042235792475
2000.9374050488595
1995.6880879344656
2000.1342144072873
2001.2171680813171
1999.8424185562294
2000.077058518936
2000.9704953000103
2000.0560010863853
2000.2094195235395
2000.7087814954532
2000.7147979047534
2000.5794286954997
1999.607778593523
2001.030659393012
2003.8102404896883
2000.8772409558578
2000.3899118025445
2000.5704040815494
1999.896566239931
2026.922276816272
1975.8941013369229
1994.680339376688
2000.7208143140535
2000.3086902769921
1999.8364021469292
2001.0216347790617
2000.22446054679
2000.5794286954997
2000.1342144072873
2000.3628379606937
1999.9657549468827
2000.669674835002
2000.3658461653438
2000.8652081372575
2006.5296574933627
1999.9236400817817
2028.0082386949516
1967.3357591074382
2000.302673867692
2000.1703128630884
2000.3628379606937
2000.4711333280966
2000.6546338117516
1999.9085990585313
2000.0710421096358
2001.3735947231214
1999.6619262772244
2000.6034943327004
2000.4169856443953
2000.6034943327004
2000.4380430769459
2000.4681251234465
2000.768945588455
2000.0650257003356
2005.3564576798306
1999.6107867981732
2001.1900942394664
1999.6318442307236
1999.4182617005679
2001.6022182765278
2000.2876328444418
2000.0229108352344
2000.2034031142393
2000.3929200071946
1997.706593254671
2000.0529928817352
1999.9116072631814
1999.4062288819675
2001.1660286022657
1999.9025826492311
2001.0547250302127
2000.3116984816422
1999.352081198266
2002.086539225191
2004.6585542010114
2000.8772409558578
2000.2876328444418
1994.833757813842
2000.811060453556
2000.0319354491846
1999.8935580352809
2001.280340378969
2000.6756912443022
2000.0349436538347
2000.0620174956855
2001.033667597662
2000.4621087141463
1999.9868123794333
2000.6065025373505
2000.6486174024515
1999.9928287887335
2000.3207230955925
2000.519264602498
2000.5673958768994
2005.6933766006398
2000.994560937211
1999.535581681921
1999.1204494402095
1999.6859919144251
2001.1840778301662
1996.289728864482
2000.621543560601
2000.922364025609
2000.116165179387
2000.2154359328397
1999.6679426865246
2001.4096931789225
2000.2184441374898
1999.9085990585313
2000.6786994489523
2000.4771497373968
2000.5914615141
2000.0981159514865
2000.6516256071016
2003.9245522663914
2000.1342144072873
2000.5643876722493
2002.2399576623452
1998.954998184455
2000.7508963605544
1999.385171449417
2003.2627472433733
1994.3013055907775
2000.4651169187964
2000.6275599699009
2000.3899118025445
2000.1823456816887
2001.0186265744117
1999.7371313934766
2000.883257365158
2000.2515343886407
2000.4380430769459
2000.0650257003356
2001.102856304614
2004.8360382753663
1999.4393191331185
2001.9872684717382
1994.5178963255835
2000.335764118843
2000.4982071699474
2000.3959282118446
2000.1853538863388
2001.2322091045676
1999.7431478027768
2000.6365845838511
2000.2846246397917
2000.404952825795
2000.5012153745975
2000.666666630352
2000.630568174551
1999.9176236724816
2000.4741415327467
1999.9928287887335
2000.699756881503
2006.2258288237044
1999.6890001190752
1999.240777626213
2000.9103312070088
2000.4741415327467
1999.9687631515328
1999.315982742465
2001.7044972346305
2000.96447889071
1999.7250985748763
1996.2686714319314
2000.6486174024515
2000.2485261839906
1999.7220903702262
2001.4457916347235
2000.0680339049857
2000.5643876722493
1999.8033118957783
2000.5944697187501
2000.3628379606937
2003.9666671314926
2000.483166146697
2004.1471594104974
1999.0181704821068
1994.171952790824
2001.3134306301197
1999.5476145005214
2000.621543560601
2001.244241923168
1999.7010329376756
2000.5613794675992
2000.997569141861
1999.7581888260272
2000.080066723586
2000.194378500289
2001.391643951022
2000.2876328444418
2000.2725918211913
1999.5626555237718
2000.555363058299
2006.2168042097542
2001.7014890299804
2031.0375007775847
1966.126460838105
2001.7135218485807
1996.5995739434406
2000.1522636351879
2000.5764204908496
2000.0499846770851
2000.2816164351416
2000.9434214581597
1999.7581888260272
2001.063749644163
2000.191370295639
2000.8772409558578
1999.7882708725278
2000.3538133467434
2000.7448799512542
1999.8935580352809
2000.7839866117054
2003.584625140932
2001.656365960229
1999.8333939422791
2000.522272807148
2001.1931024441164
1999.1836217378614
2001.0186265744117
1999.421269905218
2001.0246429837118
2002.0414161554397
1994.2802481582269
2001.5540870021264
1999.9206318771317
2000.2846246397917
2000.4951989652973
2000.3899118025445
2151.0678745205255
1852.1546112604303
1998.1999388172844
2000.5252810117981
2005.476785865834
2000.5643876722493
2000.2304769560901
1994.833757813842
2000.811060453556
2000.0981159514865
2000.558371262949
2000.371862574644
2000.5944697187501
2000.2725918211913
2000.5012153745975
1999.9416893096823
2000.6847158582525
2000.5343056257484
1999.5145242493704
2000.8591917279573
2000.6576420164017
2000.4500758955462
1999.716073960926
2001.280340378969
2005.0676700334227
2000.4591005094962
1999.49647502147
2000.2334851607402
2000.4500758955462
2000.5613794675992
2001.3826193370717
2000.007869811984
1995.5767843624126
2000.6065025373505
2001.3074142208195
1999.49647502147
2000.5042235792475
2000.4199938490453
2000.3207230955925
2000.811060453556
1999.935672900382
2000.8261014768063
2000.0048616073339
2000.8020358396057
2003.434214908428
2002.2941053460468
1998.3172587986376
2001.2773321743189
2002.6641145180067
1999.49948322612
1995.5015792461604
2000.3086902769921
1999.9446975143323
2000.9464296628098
1999.8574595794798
2001.1299301464646
2000.3297477095427
1999.6709508911747
2000.3327559141928
2001.0065937558113
2000.404952825795
2000.2455179793405
2000.1492554305378
2000.2545425932908
2005.3504412705304
2003.1273780341196
1999.2558186494634
1996.5514426690393
1997.7697655523227
2000.9283804349093
2000.1763292723886
2000.8050440442557
2000.2455179793405
2000.2665754118912
2000.1101487700869
2000.5403220350486
2000.5343056257484
2000.22746875144
2000.3297477095427
2000.4290184629956
2000.6937404722028
2000.2425097746905
2000.552354853649
2000.7539045652045
2004.0178066105439
1999.8033118957783
2000.997569141861
2000.6516256071016
1999.2979335145644
2001.2261926952674
1999.0422361193075
2002.8596478202621
1999.0302033007072
2000.5764204908496
1999.9838041747832
1998.696292584548
1999.024186891407
2000.4711333280966
1999.49948322612
2001.2622911510684
2000.257550797941
2000.2545425932908
2000.3327559141928
