140.18534489849344
56.34367309604477
125.52636363864154
147.4050360586914
139.47540860107398
168.03229534430693
186.58389342136556
113.03328972684902
113.66501270336634
168.79938753007795
143.6237228135377
145.0315625897763
127.38543411239252
134.86683907714763
114.05908751252714
126.50703835456842
151.78498202921148
157.47349702251742
105.45562221329126
129.65963682785485
152.88899313579174
130.50795053917813
106.21368978511205
104.36364392531132
119.80475839418467
127.30421258684028
113.87257882422203
146.41533672881425
115.75270673052358
140.34477974494783
104.50803774851528
103.8883475905983
105.61204885509555
186.77341031432076
105.23301506918516
104.76072693912221
130.7004756367834
104.53210338571594
104.90211255767609
151.46009592700256
158.41205687334318
104.82389923677394
118.75790317595597
124.40731150881086
103.86127374874755
104.51706236246554
102.14659709820054
127.33128642869103
172.23776544512222
140.8772319680124
152.19409786162268
180.0199908748856
111.6976468622124
125.21651855968305
163.1259135600224
143.1273690462741
165.49337061963732
133.8440494961196
130.82982843673693
104.02672500450208
185.13093057537571
104.42380801831297
104.72462848332123
139.3851624615715
104.64942336706916
151.9684825128665
104.87203051117527
122.97239789072152
162.5784203137074
111.64049097386084
118.79400163175696
104.07184807425332
104.93219460417691
155.82199266962215
104.51405415781545
104.13502037190506
104.88105512512551
150.66592989938079
103.90940502314888
104.13802857655514
104.11095473470439
104.96528485532782
119.29637180832073
104.70657925542073
104.85097307862469
103.83119170224673
159.06483728241105
104.72763668797131
129.84012910685982
125.19546112713248
165.55052650798888
177.83302609427562
104.79080898562303
104.20721728350703
104.33657008346059
146.40932031951408
104.73064489262138
103.27166563733138
156.38753514383765
119.88297171508681
105.08561304133111
104.26738137650868
104.30949624160984
103.77704401854524
104.90812896697625
104.96227665067774
104.92918639952683
154.57960414913808
172.41825772412716
156.1378541578808
130.4086797857254
117.20566957651342
128.61578981427624
127.00339212183204
173.70576931436247
105.17886738548367
105.0374817669298
104.78479257632287
104.70357105077065
103.90038040919862
180.27869647479267
104.77877616702271
151.24350519219664
104.30347983230968
123.92900696944774
103.90639681849879
105.12171149713211
190.53667433157392
106.4964610222198
138.35936467589337
108.29235919831903
119.05571543631413
140.5553540704536
113.78534088936964
129.23247176754316
140.0379428706394
139.35808861972077
118.34878734354476
132.33994717107834
171.34733686869782
139.147514294215
167.85481126995205
105.00739972042898
146.07540960335493
104.51405415781545
104.36364392531132
105.17285097618351
136.81615569040108
105.10667047388169
104.30047162765959
104.65243157171925
107.86218593335724
169.24460181829016
117.71104795772727
107.78998902175526
104.39673417646223
171.58498503605432
112.55498518748591
105.24504788778549
151.5563584758052
152.24824554532418
129.60849734880347
137.12900897400965
104.37567674391165
104.55015261361643
104.08087268820357
104.59527568336767
104.02070859520192
104.38169315321183
147.35991298894015
105.0013833111288
104.65243157171925
130.33347466947333
197.9699480219277
115.96027285137927
166.30558587515958
105.46163862259142
104.57121004616701
131.33821502260088
151.46009592700256
104.24331573930803
104.09892191610406
140.94341247031423
104.73666130192156
105.25708070638582
104.35161110671099
104.27038958115877
104.02672500450208
146.35216443116252
104.17111882770605
111.18023566239822
103.66273224184211
107.19436450103893
101.32234902407794
136.94250028570454
114.5133264146896
160.64113651905427
171.92792036616373
113.105486638451
134.5118709284379
159.02573062195998
105.34131043658813
106.61979741287318
104.39071776716207
104.87203051117527
153.02737054969555
173.287628868001
150.80731551793465
127.46364743329465
118.60749294345185
126.95526084743072
104.56820184151694
104.08087268820357
104.15006139515548
102.50457345156036
133.1040311521993
113.86957061957195
159.2964690404674
130.48388490197746
186.14469554245352
585.6553305059568
130.69145102283315
154.34496418643167
166.60941454481792
104.56820184151694
119.2662897618199
104.03274141380226
104.70958746007081
103.54240405583882
103.86127374874755
105.35334325518846
105.49172066909226
153.6681181401631
144.3968314086089
104.27339778580885
149.45963983469773
176.46128477383803
151.38188260610042
138.56693079674906
118.58643551090127
104.11396293935448
105.1397607250326
164.8285573919691
104.97430946927807
103.9906265487011
105.14276892968269
113.12052766170142
142.26702251635052
104.98333408322831
104.3696603346115
103.55443687443913
104.23429112535779
111.61040892736001
118.58643551090127
103.9545280929001
104.32754546951034
109.76637947685946
164.36830208050645
148.37668616066802
134.6863467981427
171.4706732593512
104.95926844602765
168.62491166037316
104.97731767392816
104.36364392531132
105.31122839008731
104.13201216725497
105.0374817669298
118.92034622706042
141.7044882467851
151.05699650389153
104.75170232517196
171.2961973896464
104.78780078097296
103.81615067899631
104.22827471605761
104.13201216725497
107.10111015688638
149.6341157044025
171.37741891519863
110.87039058343971
109.25498468634544
132.59564456633535
109.14668931894246
109.91077330006341
108.68342580282976
156.399567962438
109.52572310485286
139.731105996331
105.52781912489324
126.15808661515887
104.70056284612056
104.06583166495317
119.04067441306373
103.38597741403453
118.17431147383996
103.84322452084706
104.49600492991496
131.63001087365888
123.91396594619734
185.65134997983998
120.68917056130893
105.16081815758318
189.68836062025068
168.03229534430693
164.7714015036175
126.79883420562643
105.66920474344712
104.6584479810194
105.00739972042898
129.62955478135405
144.64350418991566
113.36118403370801
104.95626024137758
176.241685834382
106.0843369851585
147.3027571005886
105.07959663203096
128.97376616763606
140.39291101934913
135.08944622125372
200.96611985340985
157.87659644562848
109.97394559771514
110.59664396028222
124.9487883458257
125.70083950834632
104.83292385072419
103.51533021398807
119.60621688727923
104.05079064170275
119.55507740822783
155.67158243711802
105.01642433437922
103.96054450220028
104.70056284612056
159.68452744032805
104.97430946927807
103.440125097736
104.89308794372585
175.86866845777178
110.14240505811976
168.30002555816426
110.04915071396721
148.5541702350229
109.85662561636192
164.5518025641615
194.48945524178228
167.96009843270494
104.80284180422336
104.46893108806421
171.27513995709583
151.39391542470074
104.84194846467445
105.190900204084
131.6600929201597
126.15507841050878
103.87932297664804
151.3698497875001
105.01040792507906
150.07331358331453
127.27112233568938
160.6200790865037
113.94176753117392
111.92326221096859
104.37266853926157
163.84186626674204
104.75170232517196
104.05079064170275
104.79080898562303
103.99965116265135
104.57121004616701
104.46893108806421
143.48233719498384
105.04951458553013
105.85571343175224
103.94550347894986
104.45088186016372
105.66920474344712
104.58925927406752
103.96656091150044
143.35599259968038
129.3979230232977
567.4286185311071
120.92681872866544
116.33629843263958
152.58215626148333
133.75079515196703
165.8393141543968
151.41196465260126
192.3415971216234
109.93483893726408
170.2854406272187
145.45571944543795
113.21679021050406
139.8153357265333
104.01168398125168
104.37266853926157
104.1440449858553
105.07658842738087
153.96593040052127
104.83292385072419
147.5193478353945
108.07276025886301
118.70375549225449
154.248701637629
204.48872749865643
105.32326120868764
110.42216809057743
152.0888106988698
104.05379884635283
104.3847013578619
104.11396293935448
105.68725397134762
104.26738137650868
130.74559870653465
103.37093639078411
144.83903749217103
103.6146009674408
104.92617819487675
133.6515243985143
151.2134231456958
104.01469218590177
104.78479257632287
159.44988747762162
120.7433182450104
196.42373083178532
111.04185824849442
109.37531287234873
110.4612747510285
133.1371214033502
104.01770039055184
118.54131244115003
105.11268688318187
103.9545280929001
104.48397211131463
103.50329739538773
104.91414537627642
104.55917722756669
163.94414522484485
104.47494749736438
137.76073195052697
104.39974238111232
104.30047162765959
104.1620942137558
128.79026568398103
150.25681406696958
158.28270407338962
109.64605129085615
145.53694097099017
117.00411986495789
109.81451075126077
135.79336610937304
135.52864410016576
298.7598448229411
112.50083750378442
118.93237904566075
131.34122322725096
171.6030342639548
105.21496584128467
104.06282346030308
151.72782614085992
105.37740889238913
104.89007973907576
103.72590453949384
130.02062138586476
125.48725697819047
168.5647475673715
168.60686243247267
114.10721878692847
103.59053533024013
105.0013833111288
150.25681406696958
105.10667047388169
104.32152906021017
105.58196680859473
103.97558552545068
161.43831075132613
145.1699400036801
104.49299672526487
103.79208504179566
104.93219460417691
103.5785025116398
105.36236786913871
156.34842848338658
104.36364392531132
103.86428195339764
193.22300108409758
111.938303234219
126.77176036377568
161.73010660238413
110.28379067667363
178.48279829869344
163.99829290854632
122.92727482097028
110.07020814651779
111.33967050885259
104.36665212996141
119.23019130601892
105.57294219464448
136.56045829514406
106.12946005490974
103.82216708829648
104.27941419510901
104.20120087420688
156.39054334848774
104.18315164630637
141.07276527026778
195.0880879671487
109.60995283505517
109.60694463040508
125.5684785037427
120.68014594735867
112.88287949434489
153.34022383330412
171.35335327799797
113.5837911778141
105.18187559013376
104.36665212996141
105.50676169234266
162.127189616195
105.80156574805075
105.39846632493969
104.3185208555601
157.9096866967794
104.65243157171925
137.32454227626502
128.85343798163277
105.02244074367938
101.14486494972307
133.44095007300854
142.65508091621115
329.55483582583537
165.91752747529895
109.61596924435533
104.16510241840588
105.49172066909226
149.35134446729475
130.29436800902226
105.55790117139406
103.73793735809417
104.67048079961974
104.41779160901281
104.29144701370934
154.6307436281895
105.01040792507906
104.41478340436272
104.90211255767609
148.79181840237942
113.42134812670966
147.20649455178594
116.59199582789658
137.6373955598736
110.2898070859738
167.73749128859885
117.37713724156812
128.66091288402748
109.78442870475995
110.4462337277781
161.67595891868265
109.57385437925417
106.69199432447516
104.55316081826652
104.71861207402105
147.0771417518324
104.22225830675745
104.00867577660159
138.20895444338925
110.26273324412305
103.52134662328824
104.04477423240259
101.84276842854221
117.2778664881154
157.88261285492865
148.1901774723629
104.41177519971265
103.63265019534128
103.50630560003782
104.17412703235613
104.58023466011727
104.45689826946388
147.75097959345086
104.62836593451858
104.17111882770605
164.26903132705374
104.51104595316536
103.97859373010077
104.24933214860819
104.02672500450208
104.1440449858553
162.35882137425136
155.25344199075656
181.12099377681577
117.40120287876877
182.35736588799966
198.99574580760583
137.48698532736947
116.24003588383694
259.7344058974211
158.2165235710878
131.06146019479328
136.80412287180073
151.0269144573907
104.21022548815712
103.9906265487011
104.37868494856174
129.90630960916164
104.25835676255844
104.1440449858553
104.02371679985201
154.53448107938686
104.97130126462798
158.4932783988954
172.1384946916695
137.49300173666964
111.75480275056397
175.294101369606
109.29709955144659
139.2347522290674
210.4720465476705
105.45261400864118
104.31551265091001
103.26865743268131
104.25534855790836
103.74094556274426
174.82782964884322
104.94422742277725
104.72462848332123
126.22426711746067
103.93046245569946
103.86127374874755
147.609593974897
124.0553515647512
163.93812881554467
129.21141433499258
115.19017246095815
118.96847750146175
113.03328972684902
107.14623322663762
174.80376401164258
152.24824554532418
103.79509324644573
105.05853919948038
104.14103678120522
105.52180271559308
113.141585094252
104.60129209266785
104.30047162765959
135.4594553932139
104.4207998136629
103.95753629755019
164.6029420432129
103.85826554409746
119.78069275698401
104.39071776716207
128.11341963771247
205.53257451223507
110.50038141147958
111.72171249941306
108.7947293748828
129.55735786975205
109.53173951415302
109.35124723514807
109.5858871978545
119.05872364096422
147.7660206167013
109.05644317943998
181.32855989767145
183.8103287339895
151.03293086669086
143.58160794843656
104.39974238111232
129.2384881768433
164.67814715946497
104.20120087420688
104.05981525565299
103.04304208392512
166.25444639610816
155.74979575802018
145.311325622234
105.02244074367938
104.61332491126817
104.55316081826652
118.4270006644469
104.1440449858553
104.08989730215382
134.96911803525043
103.70484710694326
104.1620942137558
104.30648803695976
134.79163396089555
103.91542143244904
104.4538900648138
104.56218543221676
152.63028753588463
103.20247693037949
104.94121921812716
151.90831841986486
209.8854466409044
181.12099377681577
168.23083685121236
142.71223680456274
128.57367494917509
109.93183073261399
132.21661078042496
119.1820600316176
105.8436806131519
104.48096390666454
104.30949624160984
104.27339778580885
140.71779712155805
103.58752712559004
103.5273630325884
104.55015261361643
104.81186641817361
104.36665212996141
117.95170432973387
143.4402223298827
168.34214042326542
129.28060304194446
196.15900882257807
110.84933315088914
111.12007156939657
110.19053633252108
144.31861808770677
163.93812881554467
170.40576881322198
146.3581808404627
152.22117170347343
104.19217626025663
104.98032587857823
164.22691646195258
104.7968253949232
103.5785025116398
104.83292385072419
104.11697114400457
104.52608697641578
139.0091368803112
133.91624640772156
133.79591822171827
113.21979841515413
173.7358513608633
141.6172503119327
158.86629577550562
105.35033505053838
154.53448107938686
104.37266853926157
146.72518180777274
105.29919557148698
116.24304408848703
104.43884904156339
143.9907237808478
144.33365911095717
104.03274141380226
104.48096390666454
104.17111882770605
152.61223830798414
205.44834478203276
153.481609451858
105.62708987834597
167.4908185072921
132.8814240080932
110.60266036958238
130.84486945998736
206.70878253041732
131.17276376684634
117.17859573466268
110.59664396028222
111.20430129959888
110.1694788999705
110.51542243472998
121.08324537046973
105.37740889238913
120.62900646830727
104.935202808827
145.73247427324554
104.3185208555601
104.05981525565299
104.6103167066181
104.96227665067774
144.75179955731863
103.74094556274426
112.73547746649085
141.98725948389284
142.05945639549483
104.6103167066181
104.67950541356998
103.90940502314888
198.86037659835213
142.03539075829417
105.65717192484679
104.16811062305597
137.67349401567458
104.46893108806421
105.11268688318187
104.23729933000786
104.82690744142403
153.94788117262078
105.14577713433277
103.96956911615052
104.44486545086355
104.30949624160984
168.67605113942457
120.44851418930233
160.50576730980058
116.73638965110055
110.735021374186
108.45179404477341
109.95288816516457
104.11997934865464
135.4744964164643
105.19992481803425
105.11870329248202
104.13502037190506
121.07722896116957
150.03119871821337
105.47667964584184
119.03766620841364
145.1699400036801
118.20740172499087
104.42681622296305
104.00265936730143
143.64778845073837
113.6559880894161
111.46601510415606
164.7443276617668
110.54249627658074
191.87231719621053
110.82827571833856
136.76802441599975
122.24140416075147
121.48032838428061
105.77148370154993
104.32453726486025
105.04048997157989
105.3142365947374
154.28179188877994
104.6945464368204
129.54833325580182
104.43884904156339
127.06656441948377
104.17412703235613
105.11268688318187
157.6359400736219
146.04833576150418
120.08151322199227
191.48125059169982
112.50685391308458
105.20293302268433
104.63739054846883
104.8479648739746
103.89135579524837
104.99235869717856
104.24933214860819
106.96273274298258
141.72554567933568
104.56820184151694
105.12772790643227
151.49920258745362
120.42144034745158
105.01943253902931
104.20420907885695
151.5202600200042
159.2483377660661
151.32171851309877
101.54495616818404
163.48088170873214
110.83128392298865
156.71542945069666
109.80548613731052
137.08087769960832
111.03283363454418
109.42946055605022
135.1827005654063
137.9261832062815
109.04441036083966
104.78178437167279
132.7580876174398
138.18188060153852
150.7170693784322
105.07959663203096
159.3837069753198
111.60740072270993
103.27768204663155
104.89308794372585
104.05079064170275
125.54441286654203
169.0159782648839
110.87039058343971
113.689078340567
112.38652572708129
134.2682063517812
104.97430946927807
130.9080417576391
132.04514311537028
125.78506923854863
120.27704652424762
104.20721728350703
140.25754181009543
103.60858455814062
104.00867577660159
104.32754546951034
105.20594122733442
103.67175685579235
115.7496985258735
152.99127209389454
104.92016178557658
131.1998376086971
128.15553450281362
265.9343156812411
143.79519047859242
108.47285147732399
132.32189794317785
105.18488379478384
105.09162945063129
104.64039875311892
105.77449190620001
153.27103512635222
130.5470571996292
139.77622906608224
105.58196680859473
198.82427814255115
104.77275975772254
103.78306042784541
104.97130126462798
103.98160193475086
120.89974488681469
146.1115080591559
159.72363410077912
159.0076813940595
110.75607880673658
109.26400930029568
109.46255080720113
109.62800206295566
112.50384570843451
124.42836894136144
132.10831541302198
110.21761017437183
112.66929696418904
117.95471253438394
104.96829305997791
105.28716275288664
104.5561690229166
104.3696603346115
105.26309711568598
294.9785315777874
127.90886172150687
174.5390420024353
111.04787465779458
102.30001553535475
161.93466451858976
115.25936116791006
125.52034722934138
104.2824223997591
104.61633311591825
129.83712090220973
104.08688909750374
105.02845715297956
104.58324286476734
155.02782664200038
105.04048997157989
104.56218543221676
104.15306959980555
104.28543060440919
103.59354353489022
105.53383553419341
106.25279644556312
105.31724479938747
130.67941820423283
105.21496584128467
139.99582800553824
112.46473904798343
118.46309912024789
109.72125640710821
109.04741856548974
141.97221846064244
109.30010775609666
110.37102861152603
115.8880759397773
104.46893108806421
201.90167149958552
157.8705800363283
104.78178437167279
105.09162945063129
104.16811062305597
105.05553099483029
104.62234952521843
136.66273725324686
104.35762751601116
103.94249527429977
118.63757498995267
102.27294169350401
132.48734919893238
153.45453561000724
170.7156138921805
109.12563188639189
112.95507640594687
112.69035439673962
249.44032958483888
105.0013833111288
141.23520832137223
105.3653760737888
129.05799589783837
157.20877501331017
104.52909518106586
144.6585452131661
150.9938242062398
105.32626941333771
129.52727582325124
110.91852185784104
159.38972338461997
145.1548989804297
138.16082316898795
111.03283363454418
154.5615549212376
187.71798657444666
108.39764636107192
104.09591371145399
151.83010509896272
105.00739972042898
105.22098225058483
105.83164779455157
152.5370331917321
151.03593907134095
103.8522491347973
104.4027505857624
164.49464667580992
104.75471052982205
151.36684158285001
105.37740889238913
126.43784964761653
104.26437317185861
172.09337162191827
142.22189944659928
115.81587902817532
165.4422311405859
109.26400930029568
110.11232301161894
127.97805042845876
109.65808410945648
108.92709037948644
112.0225329644213
110.84632494623906
110.36200399757578
109.58889540250459
233.53595159985284
105.23602327383524
105.24504788778549
116.9680214091569
105.58196680859473
104.47494749736438
157.6359400736219
133.81095924496867
103.79208504179566
27.3626294971502
283.8481743724822
