9.85815417479252
6.248105708545751
6.082287014113979
55.45543002569928
44.523931083710174
33.39867854844334
52.59389359263265
44.02754941960124
48.105686511382196
43.933358670928335
43.76825625595416
63.963755562666
44.08377735702195
43.963800547875856
46.368350687000934
43.59133522992976
43.60637709853912
47.19171392349908
43.64040037277458
43.5949166272177
46.345787884086896
43.51970728417089
43.47852121535955
47.12796505177369
43.463479346750184
43.48210261264749
29.414374065606502
35.64564720689892
49.54218496357622
46.165285460774555
43.756795784632736
45.93213649732945
45.57901072473825
43.49750262098564
45.49592230765796
45.304317552753005
43.13649777436097
45.292857081431585
45.28927568414364
43.12503730303955
45.319359421362364
45.304317552753005
43.200246646086356
46.03742957759498
45.311838487057685
43.489623546952174
45.65386192805626
35.38993544053977
34.93473984524219
34.57373499861751
30.098779087332453
38.54478831148896
35.63597743422147
31.234440167339248
50.012422427483166
43.70020970748323
46.09401565474448
45.97368070586959
43.65902363867188
46.420997227133704
46.12051799467526
43.50860495257827
45.353024555869034
45.57148979043357
43.56519102972777
45.75951314805059
45.774555016659946
45.988722574478956
35.645289067170125
46.34757858273086
47.50974200266844
47.61324438429
44.09523782834337
43.92977727364039
46.94352309144462
43.62141896714848
43.6325212987411
46.50372750448519
44.279679788672446
43.779358587546774
46.575355450244054
43.40689326960068
43.55373055840636
46.349369281374834
43.78687952185146
43.805502787748765
46.868671888126606
43.8094423247655
43.756795784632736
33.43807391861071
33.005441126227176
36.14561026829579
35.84119149882062
37.501169141782306
36.40884296895962
30.952584200778116
50.12523644205338
44.02754941960124
47.112923183164334
46.37587162130561
43.775777190258836
44.06873548841259
46.78200207375838
43.6328794384699
43.95627961357117
46.695690399118945
43.568772427015716
43.97490287946848
47.42522102667298
43.49714448125685
28.850303992755443
69.65889352995332
47.088569681606316
46.2820390123615
45.507382778979384
43.17410244588437
46.24049480382136
45.32294081865031
43.226748986017135
45.774555016659946
45.29679661844832
43.28297692343784
45.39815016169712
45.4432757675252
43.18162338018905
45.55250838480747
45.59369445361882
43.31700019767331
45.68036426798704
45.52242464758874
45.875908559908744
33.622157739211
42.96709768264125
33.55840886748561
35.5457262225653
34.37819070669581
37.45604353595422
31.682114828332153
51.76480012047379
46.556374044617954
43.850986533305644
46.199308735010014
45.40961063301853
43.43339560953146
45.97368070586959
45.278173352551015
43.121097766022814
45.270652418246335
45.15748026394733
43.10247450012551
45.52994558189343
45.800699216861936
35.186870214313394
54.464815535854186
34.41221398093127
30.704035228994858
37.24724807406713
42.703864981977425
46.832857915247175
47.51511409860036
43.783298124563515
43.87319119649089
46.868671888126606
43.83594466469628
43.963800547875856
46.90627655965001
43.959861010859115
43.609958495827065
47.395137289454254
43.91831680231898
43.73029344470196
46.300662278258805
44.147884368476134
34.118897543048725
35.295744691866865
34.7449257889812
31.403482119330167
32.682399090854695
54.629917950828364
44.335907726093154
43.68910737589061
46.729355533625615
44.30224259158649
43.771837653242095
47.70707699323411
37.224685271153085
43.90363307343841
47.15052785468774
43.56125149271104
44.080195959734006
46.26699714375214
43.8284237303916
43.68910737589061
43.88465166781231
39.37746318093576
49.87525491135494
31.621947353894704
31.426044922244213
31.586133381015273
31.91132425476052
40.122035677099156
34.622800141462335
54.521043473274894
43.944819142249756
45.480880439048605
45.50380138169144
43.775777190258836
45.15389886665939
45.804280614149874
43.23426992032182
45.71044800520576
46.20682966931469
43.414414203905366
46.61296012176746
45.62377819083754
33.13723654642349
51.30602312788826
34.912177042328146
34.389293038288436
36.3221731545914
32.41128731615739
36.089024191146294
34.09024636474518
49.6381664108931
44.63316370099244
47.10540224885965
45.48267113769258
44.316926320467054
46.172806395079235
43.67764690456919
43.610316635555854
46.80062533965568
43.67406550728125
43.444497941124084
46.191787800705335
47.57922111005454
28.79765745262268
34.52860939278943
50.85834846689536
51.02201832295436
44.448721740663366
46.729355533625615
43.93371681065713
43.49356308396891
47.40265822375894
43.72671204741401
47.87253754793709
46.23691340653342
43.88823306510025
43.74927485032806
46.24801573812604
43.70020970748323
43.87319119649089
46.838230011179085
44.14430297118819
44.839810324506765
43.91473540503103
37.20785270389975
31.174272692901802
36.82249435571706
35.464786643857785
32.851441042845615
33.72780895920532
36.98222467475933
34.64894434166432
33.84026483404674
52.305949250682005
45.5127548749113
43.62141896714848
46.95856496005398
43.8094423247655
43.6325212987411
47.180611591906455
44.05763315681997
43.81338186178224
46.81960674528178
43.69662831019529
43.74175391602337
29.060890153286504
64.96977006084926
33.366804112580645
35.280702823257506
33.85351600401213
36.68711753823281
37.147685229462304
34.799363027757934
59.54538572853044
46.124099391963206
43.73029344470196
45.601215387923496
45.53746651619811
43.16264197456295
45.323298958379105
45.488401373353284
43.61783756986054
45.608736322228175
46.12768078925115
43.35424672946792
45.75915500832179
35.70939607862431
57.52547765813046
34.584837330210135
35.91998223915537
35.96510784498346
33.992474218784324
29.933318532629475
33.23859008967228
52.22321897333052
44.099177365360106
43.58023289833714
47.729639796148156
43.88465166781231
43.756795784632736
46.548853110313274
44.21557277721826
43.88465166781231
47.02267197150816
43.83952606198422
43.73065158443075
44.00892615370394
34.37604186832304
34.0698324002039
38.48856037406825
51.40379527384911
44.22667510881089
44.644266032585065
46.891234691040644
43.850986533305644
43.67800504429798
47.02267197150816
43.98242381377316
43.85850746761032
46.905918419921214
43.85456793059358
43.80586092747756
46.39449488720292
43.88823306510025
44.24959605145372
46.97754636568008
43.64792130707926
43.91831680231898
33.47925998742206
35.92750317346005
37.90944843260783
34.94978171385155
34.66577690891765
31.072561009924215
31.03495633840081
33.930874185431705
50.181464379474086
46.063931917525764
43.66654457297657
45.36448502719045
45.58617351931414
43.388270003703376
45.54498745050279
46.11657845765853
43.388270003703376
43.21170711740778
45.54140605321484
43.467418883766925
46.05641098322108
33.031943466157955
78.77784730451435
34.960884045444175
33.57345073609497
36.209359140021185
37.26408064132046
30.20407216759798
33.015110898904624
55.51022540420481
45.65959216371697
46.684229927797524
46.500146107197246
43.87319119649089
43.67012597026451
46.300662278258805
47.48144896409369
43.54620962410167
46.360829752696255
43.99388428509457
43.850986533305644
43.73065158443075
42.14158560777034
35.75058214743566
37.17024803237635
36.77736874988898
46.24622503948207
46.96644403408745
44.3584705290072
45.748052676729166
45.77061547964321
43.57271196403245
45.2477314756035
45.50344324196264
43.49356308396891
45.225168672689456
45.45831763613456
43.52364682118763
43.252893186219126
43.121097766022814
43.59133522992976
43.60637709853912
45.69146659957966
33.80659969954007
36.01954508376019
35.6531681412036
33.9061625441449
34.50998612689212
32.39266405026009
34.818344433384034
42.257981019628495
49.096659140956085
44.54649388662422
48.1622725885317
44.41111706913996
44.677931167091735
54.21626656407092
44.08377735702195
43.455958412445504
46.93994169415667
43.940879605233015
43.8470469962889
47.40623962104688
43.72671204741401
37.595359890455214
51.589669793093364
37.76046230542939
36.51413604922515
34.17118594345269
37.19102013664642
31.279565773167334
31.407421656346905
50.53315759315011
46.225452935212
46.03384818030704
43.55767009542309
46.01486677468094
45.43611297294931
43.31306066065657
45.657801465073
45.319359421362364
43.45201887542877
43.11751636873487
45.74053174242449
45.73301080811981
34.731674619015806
73.09237910990448
30.196551233293302
38.59528601324896
36.33005222862487
35.45368431226516
36.13808933399111
31.65203109111343
56.82424006915118
47.16950926031384
43.91473540503103
43.62141896714848
46.90233702263327
47.13906738336632
43.89969353642167
46.77806253674164
44.00892615370394
43.82090279608692
47.54555597554787
43.83952606198422
43.756795784632736
28.688782975069206
36.484052312006426
36.41278250597636
48.54369139969765
47.229318595022484
44.18190764271159
44.35453099199046
46.58251824481994
44.52034968642223
47.47034663250106
46.50372750448519
44.0425912882106
44.10275876264805
46.43209955872632
43.892172602116986
43.96344240814706
47.729639796148156
43.6704841099933
43.54620962410167
46.81960674528178
44.012507550991884
34.75423742192985
31.05393774402691
39.46771439259193
30.704035228994858
32.39266405026009
36.38628016604558
31.10300288687173
35.22805628312474
46.25911806971867
46.84396024683979
44.678289306820524
47.51511409860036
47.59820251568064
43.557311955694296
49.04938469675523
43.73817251873543
47.15446739170447
46.50372750448519
47.16915112058504
43.76825625595416
47.4177000923683
30.14927678909245
49.137845209767434
35.95758691067877
33.97958118854773
34.21846038765354
37.70996460366939
36.433196470517636
30.952584200778116
49.53645472791551
43.82054465635812
43.388270003703376
43.1662233718509
43.798339993172874
43.80192139046082
43.395790938008055
43.53116775549231
45.834722491097395
45.661741002089734
43.12861870032749
45.77419687693116
43.27903738642111
35.15678647709467
70.66454988840778
35.21695395153211
43.241432714897705
36.08544279385835
33.29517616682178
35.71333561564104
36.66634543396274
54.496689971716876
44.23813558013231
47.44384429257028
43.911154007743086
43.8280655906628
46.387332092627034
43.41083280661742
43.81338186178224
47.033774303100785
43.80192139046082
43.89575399940493
46.232973869516684
43.54227008708494
34.806883962062614
34.17512548046943
33.59780423765298
47.144797619027024
44.19694951132096
48.3764401463507
44.181549502982804
43.84310745927217
47.72605839886021
43.87354933621968
43.86208886489827
47.01515103720348
44.482745014898825
43.91473540503103
46.454662361640366
43.74927485032806
43.959861010859115
46.797043942367736
43.79440045615614
43.91831680231898
44.625284626958965
35.93323340912076
34.596297801531556
36.24732195127338
35.61914486696814
31.71577996283882
34.52502799550148
33.943767215668295
46.24622503948207
49.85448280708487
44.01608894827982
46.184266866400655
45.48481997606534
43.482460752376284
45.47729904176066
46.40237396123639
43.53868868979699
45.451154841558676
45.71044800520576
44.22667510881089
45.74411313971243
45.8533457569947
34.705172279085026
71.672355085235
35.491288983788564
34.76927929053921
35.92356363644331
39.857012277791355
30.11023955865387
35.21480511315935
50.11950620639267
44.50136828079613
47.07137897462419
43.88465166781231
43.583814295625075
46.34972742110363
43.813023722053444
43.45201887542877
46.37945301859356
43.81696325907018
43.70414924449997
47.274444200850574
43.71919111310933
34.979865451070275
32.7196456226493
42.62292540326991
37.27375041399791
53.28796838703604
44.58409855814762
46.11657845765853
45.687885202291724
43.252893186219126
45.60157352765229
45.27029427851754
43.35818626648465
45.499861844674705
45.27423381553428
43.33562346357061
45.4246525016279
45.39456876440917
43.15512104025827
45.34944315858109
46.82748581931526
45.90599229712746
34.26931622914234
32.682399090854695
35.107721334249845
32.85681313877753
35.05865619140503
30.828309714886487
33.810539236556814
55.890211656455584
45.82684341706392
43.756795784632736
45.6388200594469
46.176745932095976
43.48604214966423
45.232689606994136
45.50344324196264
43.59133522992976
45.64275959646364
45.66532239937768
43.59133522992976
46.93242075985199
45.66532239937768
32.88904571436902
65.21187251751421
35.01747012259368
31.99763592939995
33.61857634192305
35.363433100608994
36.02169392213296
33.30842733678717
51.5936093301101
44.86237312742081
48.180895854429004
44.06909362814138
45.035354616428464
46.112638920641785
43.85062839357685
45.29106638278761
47.737160730452835
43.610316635555854
43.36570720078934
47.564179241445174
43.68910737589061
29.23029024500622
59.862697528242215
32.98860855897384
37.928071698505136
30.97514700369216
34.5175070611968
30.36953272230096
35.2430981517341
54.81256921251347
46.09043425745654
45.639178199175696
43.399730475024796
46.13914126057257
45.41355017003527
43.10999543443019
45.43611297294931
45.34944315858109
43.1662233718509
45.36090362990251
45.620196793549596
45.86480622831612
34.622800141462335
36.68711753823281
35.19403300888928
47.26549070763071
46.44356003004774
46.00770398010505
43.88465166781231
45.78207595096463
45.72942941083186
44.099177365360106
45.8909504285181
45.439694370237255
43.19630710906962
45.36842456420719
45.639178199175696
43.207767580391035
45.323298958379105
45.36448502719045
43.23033038330508
45.54856884779073
45.988722574478956
34.19768828338347
32.90229688433441
34.68260947617099
30.538932814020676
38.36070449088868
30.426118799450464
35.75452168445239
33.661553109378374
39.53755163970682
49.97087821894303
43.83952606198422
45.78207595096463
46.560313581634695
43.50860495257827
45.81215968818335
45.52994558189343
43.49714448125685
46.16922499779129
45.304317552753005
43.6515027043672
45.86086669129938
34.85953050219538
50.06292012924317
35.40461916942034
33.36644597285185
29.989546470050183
40.07332867398313
34.62638153875028
35.29180515485013
55.641662684672326
44.490265949203504
44.03507035390592
47.09036038025029
43.80192139046082
44.57657762384294
47.037713840117526
43.610316635555854
43.44485608085288
46.09365751501569
43.24931178893118
43.775777190258836
43.83558652496749
36.29781965303338
60.220120977578944
36.780950147176924
39.98486816097093
30.534993277003938
34.998846856696375
37.39229466422883
31.873719583237115
55.24699270354098
44.5726380868262
45.75915500832179
45.767034082355266
43.51970728417089
45.52242464758874
45.42859203864463
43.226390846288346
45.38704783010449
43.5949166272177
43.5949166272177
46.72183459932093
45.75915500832179
35.0475538598124
36.0381683496575
32.19318022132165
50.241989993640324
43.85850746761032
45.56002931911215
45.39815016169712
43.50108401827359
46.07503424911838
46.13914126057257
43.23033038330508
45.28927568414364
45.72942941083186
43.40689326960068
45.40208969871385
45.2291082097062
43.16264197456295
45.432173435932576
45.4056710960018
43.37322813509402
45.89453182580605
34.98344684835822
36.17175446849778
35.17147020597523
36.38234062902884
36.706098943858905
37.313145784165286
30.764202703432304
36.97291304181068
50.82826472967663
44.19300997430422
43.66654457297657
47.368634949523475
43.97490287946848
43.85850746761032
47.353593080914116
43.49356308396891
43.564832889998975
47.180611591906455
44.20411230589684
44.18548903999954
43.636460835757845
30.984100496912017
75.08900809793283
30.66284916018351
32.55060367065838
30.297904776542094
35.97656831630487
36.06825208687622
34.37425116967908
56.57819807546948
44.0425912882106
46.69175086210221
45.819680622488036
43.50860495257827
45.36054549017371
45.45473623884662
43.48604214966423
45.54892698751952
45.420712964611155
43.260414120523805
45.86838762560406
45.77061547964321
32.18207788972903
36.20756844137721
37.3754620969755
31.343672784621518
54.73162963380595
45.30216871438024
44.147884368476134
47.60178391296858
44.632805561263645
43.90363307343841
46.89481608832859
46.793104405351
44.21557277721826
46.849690482500506
43.756795784632736
43.892172602116986
46.420997227133704
43.91831680231898
43.78687952185146
47.30452793806929
44.09881922563131
35.04361432279566
36.90164323578061
32.116180179630874
31.166751758597123
37.56312731486372
30.741998040247054
32.98287832331313
56.132672252849346
48.01901669701397
43.756795784632736
43.609958495827065
46.736876467930294
44.136423897154714
43.89611213913373
46.49978796746845
44.847331258811444
43.87354933621968
46.34220648679895
44.128902962850034
46.50372750448519
43.68910737589061
30.499179304124503
55.19219732503545
33.716348487883906
36.224401008630544
30.18150936468394
36.12304746538175
37.125122426548266
30.77566317475372
54.06262462041816
43.959861010859115
46.511606578518666
45.586531659042926
43.59133522992976
45.66926193639442
45.304317552753005
43.18914431449373
45.311838487057685
45.30789895004094
43.0272651570787
45.492340910370025
45.58259212202619
32.88904571436902
77.43733029963721
31.211877364425206
35.55145645822601
36.30354988869409
35.38599590352303
29.809402186466638
41.393431714319
56.29419327053558
48.3954215519768
46.94746262846135
44.69333117542989
43.959861010859115
46.481164701571146
43.89575399940493
43.71919111310933
47.30846747508603
44.012507550991884
43.87713073350763
46.349369281374834
43.756795784632736
29.290099579714873
44.93006153616294
39.90786811928015
46.558164743261926
44.56153575523358
47.70313745621738
43.764316718937415
47.131904588790434
46.71431366501625
43.8284237303916
44.17044717139018
46.917378891242635
43.99746568238252
44.12174016827415
46.94352309144462
43.737814379006636
43.79440045615614
56.46896545818721
134.06244467957873
46.396643725575686
45.01637321080237
36.55711281668047
37.976778701621164
32.492226894864906
31.81355210879967
30.166467496074578
34.59271640424361
33.95486954726092
34.60740013312418
36.348675494522176
51.05389275881706
44.40359613483528
44.475224080594145
46.75943927084433
43.429456072514725
43.80192139046082
46.89481608832859
43.70414924449997
43.50108401827359
47.206755792108446
43.87713073350763
43.68516783887387
32.8775852430476
37.29989461419989
36.30354988869409
36.739764078365575
38.260783506555065
31.196835495815844
35.70581468133636
30.64780729157415
51.548483724282015
46.72577413633767
43.70020970748323
43.37322813509402
46.41383443255781
43.56125149271104
45.413192030306476
45.28927568414364
43.463479346750184
45.14995932964265
45.28175474983896
43.25683272323586
45.42859203864463
34.8896142394141
63.674020522071395
36.691057075249546
49.17007778535892
35.611623932663456
33.48499022308277
35.53283319232871
38.031574080126695
54.17114095824284
45.129187225372576
46.78558347104632
47.0076301028988
44.200530908608904
46.93994169415667
47.387616355149575
44.3394891233811
46.87977421971923
46.72183459932093
46.688169464814266
46.676708993492845
43.892172602116986
34.26716739076957
37.8037972126135
35.82794032885523
50.549990160403446
48.00039343111666
44.40359613483528
47.51905363561709
44.174386708406914
44.260698383046346
47.2031743948205
44.275740251655705
44.05763315681997
50.95970201014415
43.86567026218621
43.98994474807784
46.40237396123639
43.88071213079557
43.85456793059358
47.23719766905596
44.36205192629514
44.45230313795131
34.83338630199339
35.01747012259368
37.303834151216634
31.583984542642508
37.73037856821067
36.30713128598203
32.86648291145497
36.64199193240472
50.00884103019522
46.176745932095976
43.87713073350763
45.72548987381513
45.70292707090108
43.12145590575161
45.28175474983896
45.37952689579981
43.440916543836146
45.36842456420719
45.41713156732322
49.57978963509962
6.573296582290995
