19.968080578927452
21.99873284119126
193191.85469451186
998.8703268732628
1004.332315877105
2006.9971331769436
1996.0971505310883
2002.3868004481742
1992.3048089428853
1997.3270023597681
1996.1558854466107
1993.8616423439541
1997.3345232940728
2000.6154413495576
1994.1513773845488
1997.1916255422839
2000.7508181670419
1993.9970191614384
1997.259313951026
2000.7773205069725
1994.0496657015713
2002.2983399351622
2000.7622786383633
1993.9182284211038
998.9716804165116
996.8848002168271
2009.8289440125204
2000.1641852912767
1997.450918705931
2000.8564693870362
1994.0346238329619
1997.5075047830805
2000.5516924778321
1994.1925634533602
1997.4548582429477
2005.646946399389
1994.1363355159394
1997.4097326371195
2000.461441266176
1999.3028592435264
1997.3871698342055
2000.5065668720042
1994.3093170049472
1997.4133140344074
2000.5140878063087
996.0893718791749
997.732875094612
2005.4288393045533
2009.813902143911
2002.7664285606963
2007.6439335271461
2008.3978176562582
2004.3214712631213
2002.8527402353357
2001.875376915456
1993.0794651762674
1997.3685465683081
2000.7848414412772
1993.9780377558125
1997.4287140427457
2000.747236769754
1994.1323959789227
1997.450918705931
2005.643365002101
1994.1925634533602
1997.4136721741363
999.3140619972389
1004.8663022127373
2003.7817546918282
2008.1721896271179
2002.157591021746
1992.428725289048
1997.3008581595661
2000.6680878896902
1994.0686471071974
1997.3531465599701
2000.8976554558476
1993.9332702897132
1997.214188345198
2000.6569855580976
1994.030684295945
1997.3646070312916
2005.7486580823665
1993.9819772928292
1997.3345232940728
2000.788780978294
1993.9253912156796
998.8667454759749
997.0538421688179
2009.9868836329185
2002.9469309840085
2007.2754077462168
2009.2476832326872
2003.7423593216608
2005.4664439760766
2008.4937991035752
1992.5078741691118
2000.2017899628001
1997.8047607579797
1993.8953074784608
1997.4061512398316
2000.626901820879
1994.0872703730947
1997.2969186225494
2000.8335484443933
1993.936851687001
1997.3685465683081
2000.7132134955184
1000.5908301303907
996.862237413913
2010.8478515409402
2009.6122694765997
1992.195934465332
1997.424774505729
2000.7282553641278
1994.07974943879
2002.4301353553585
2000.7282553641278
1994.1288145816347
1997.4133140344074
2000.604339017965
1994.2602518621022
1997.3420442283775
2005.760118553688
1994.1209355076014
1997.398630305527
2000.720734429823
1994.1814611217676
1997.4172535714242
999.336624800153
1004.306171676903
2004.135238604148
2007.177635600256
2008.4239618564602
2004.4944527521288
2007.7886219775792
2007.1683239673073
2005.6319045307796
1996.99966264765
2001.4581441314106
1993.3577397455406
1997.3757093628842
2000.6910088323332
1994.1549587818367
1997.4322954400336
2000.6154413495576
1994.2301681248837
1997.4322954400336
2000.7096320982305
1994.1588983188535
999.197308445652
998.0562752697133
2012.195889480122
2000.6175901879303
2005.3686718301158
2010.6372653804092
2003.074786867188
2003.054014762918
2002.037256072871
1992.6769161211025
1997.2442720824167
2000.788780978294
1993.8315586067356
2002.3620888068874
2000.9653438645896
1993.72626552647
1997.2933372252614
2001.709916360753
1992.947669756071
1997.3345232940728
2000.8038228469034
1000.4325323702636
996.9900932970926
2007.8358964217798
2009.0070133349373
2004.2989084602073
2005.1956903411083
2014.4503790728822
1991.086417585527
1997.2217092795026
2001.1870323567134
1993.5683259060718
1997.379648899901
2005.7300348164692
1994.1098331760088
1997.1726441366577
2000.7963019125987
1994.0231633616404
1997.2517930167212
2000.7547577040586
1993.963354026932
1997.3270023597681
999.0132246250517
999.3985829732344
2007.3072821820795
2003.668940677258
2010.6899119205418
2004.2953270629193
2005.8858255984949
2008.6721526885146
2003.7162151214588
2007.5909288472847
2001.378995251347
1993.2187815307684
1997.3721279655963
2000.6380041524717
1994.1814611217676
1997.4208349687121
2000.76621817538
1994.0421447672666
1997.5300675859944
2000.5516924778321
1994.1700006504461
999.174745642738
998.5601778681269
2010.5000978642809
2002.2607352636387
2005.2784206184597
2010.0130278331205
2003.3716847023586
2007.1475518630373
2009.5750229448051
1999.6337803529323
1997.188044144996
2001.074218342143
1993.8390795410403
1997.1314580678463
2005.6809696736245
1994.1173541103135
1997.214188345198
2000.743655372466
1993.9855586901172
1997.3159000281755
2000.769799572668
997.9828566253104
994.5927059525434
2007.7266638044975
2009.8267951741475
2004.0335269211705
1996.6425973380422
2006.4520445097187
1993.33123740561
1997.259313951026
2001.002948536113
1993.7337864607746
2000.2583760399496
1997.9738027099706
1993.9067679497823
1997.3159000281755
2000.7658600356513
1993.963354026932
1997.3381046913607
2000.8525298500194
1993.820456275143
1997.379648899901
998.9792013508162
999.7259226853524
2004.7390621868954
2005.1992717383962
2011.0022097640506
2002.2661073595707
2007.5200171809834
2009.559622936467
2003.7799639931843
2005.6093417278655
2014.2773975838745
1991.1014594541364
1997.21060694791
2000.9614043275728
1993.8129353408383
1997.2553744140093
2000.8339065841221
1993.9894982271337
1997.3456256256654
2001.3904557226685
1993.3276560083218
998.9229734133955
997.0839259060367
2015.7554402446087
1997.3739186642401
2007.9032266907932
2008.4995293392358
2004.8404157301443
2007.1869472332046
2007.2395937733374
2005.46250443906
1996.8230997613546
2001.830251309628
1993.0268186361347
1997.4287140427457
2005.9477837715763
1994.0271028986572
1997.3946907685101
2000.7547577040586
1994.147437847532
1997.4022117028148
2000.6870692953164
996.0743300105655
998.2106334928236
2010.857163173889
2004.4529085435888
2003.357000973478
2007.62495212152
2008.6198642881106
2004.2236991171603
2005.2895229500523
2014.2097091751325
1996.5580763620467
1997.2102488081812
2005.996848914421
1993.6961817892513
2002.4150934867491
2000.9427810616755
1993.7448887923672
1997.3646070312916
2000.7286135038566
1993.9970191614384
2002.3660283439042
999.028266493661
999.3874806416418
2005.1448344996193
2005.5867789249517
2013.7097461137355
1991.7593621359315
1997.2707744223474
2001.6572698206203
1993.1546745193143
1997.2743558196353
2000.9503019959802
1993.850181872633
1997.304439556854
2000.6645064924023
1994.0385633699786
2002.3359446066854
2000.7773205069725
1993.940433084289
1997.379648899901
2000.8826135872382
1998.814356653451
998.9304943477002
996.9976142313973
2009.7157718582214
2003.4923777909623
2007.6288916585368
2008.7738643714922
2004.3100107917999
2004.985104180577
2010.2125116620591
1999.9346177251196
2002.23065152642
2000.743655372466
1994.0271028986572
1997.4283559030168
2000.7135716352473
1994.1434983105153
1997.3495651626822
2000.6910088323332
1996.4620949147297
1995.0123452925704
2000.6605669553855
995.8787857186438
998.2894242331583
2007.0046541112483
2008.7645527385437
2002.518237728642
2008.9787202963626
2008.3716734560562
2003.4526242810662
2007.860249923338
2011.0226237285917
1991.8761156875184
2000.0101852078951
1998.0450725160008
1993.9218098183917
1997.4136721741363
2000.6680878896902
1996.3718437030736
1994.8733870777983
2000.8224461128007
1993.8276190697188
2002.3624469466163
999.0959549024032
999.6166900680702
2004.821792464247
2008.8451341775224
2006.2543513794242
2008.3827757876488
1994.1288145816347
2001.074218342143
1993.703702723556
1997.3760675026128
2001.2246370282367
1993.6585771177279
1997.5526303889085
2000.9277391930661
1993.820456275143
1997.4810024431497
2006.019411717335
1996.15015521095
1997.3345232940728
2003.9565268794797
1995.8829829732695
997.0409491385814
998.8119500974693
2008.0593756125477
2005.0434809563706
2006.0964117590258
2007.6081195542668
2005.180648472499
2006.5985236587956
2008.5256735394378
2002.8982239808927
1997.1576022680483
1998.457291343843
2003.4393731111008
1994.901680116373
1998.5586448870918
1993.6886608549466
1997.2704162826185
2000.890134521543
1993.7527678664007
1997.28187675394
2010.9116004126656
995.4952180691051
998.9663083205796
2007.0404680841277
2008.1156035499682
2003.8741547418572
2005.1466251982633
2010.8593120122616
2001.9803118559928
2007.854519687677
2012.1396615427013
1992.1167855852684
1997.3646070312916
2000.814925178496
1994.057186635876
1997.4433977716262
2000.7096320982305
1994.1438564502441
1997.3946907685101
2000.6118599522697
2001.6099953764194
1995.1215779098527
999.2950805916129
1004.2309623338562
2005.8013046224994
2006.6246678589976
2009.6914183566632
2002.437656289663
2005.861113957208
2009.859027749739
2002.8040332322196
2009.6086880793118
2009.2419529970264
1993.7413073950793
1997.214188345198
2005.9592442428977
1996.4620949147297
2004.6993086769992
2000.8339065841221
1993.8577028069376
1997.2858162909567
2000.672027426707
1994.0496657015713
998.8703268732628
996.9524886255692
2011.2088563875648
2001.9126234472506
2009.037097072156
2001.2962649739957
1992.9064836872599
1997.5941745974487
2000.5516924778321
1993.9744563585245
1999.9124130619343
1998.3197656879859
1993.8953074784608
1997.259313951026
2000.7135716352473
1994.0271028986572
1997.3270023597681
2001.2471998311507
1993.5722654430883
1997.2704162826185
2001.356432448433
999.9289879115788
997.0126561000067
2007.391803158075
2009.6803160250706
2003.4189591465595
2005.3346485558804
2009.7762974723876
2003.0708473301715
2009.8475672784177
2010.3006140353425
1996.482867019
1997.2553744140093
2000.8600507843241
1996.5373042577767
1994.7229683917046
1996.6443880366862
1993.324074611034
2000.040268945114
1998.2896819507673
1996.2665506228082
1994.8619266064768
1001.5459887870852
996.9410281542478
2008.59336194818
2001.85639550983
2009.5392089719257
2005.1111693651128
2006.6153562260488
2007.2736170475728
2006.4459561343292
2009.7103997622894
1997.3230628227514
1995.300289634521
1997.3381046913607
1998.8086264177903
2000.982176431843
1997.3760675026128
1998.8798962238202
2001.6948744921438
1997.0673510563922
1998.64531470146
1996.1365459012559
998.8423919744168
996.9825723627879
2011.0863726003172
2001.9638374284682
2020.6021451943823
1994.0460843042833
2002.9394100497038
2007.9336685677408
2009.270246035601
2004.9360390377324
1996.3191971629408
2001.6497488863156
1993.0794651762674
1997.2217092795026
2000.8976554558476
1993.9708749612364
1997.2969186225494
2000.7809019042606
1993.9970191614384
1997.379648899901
2000.7060507009426
995.4386319919556
996.9865118998047
2007.6815381986696
2009.439287987592
1999.855826984785
1997.2442720824167
2001.5559162773716
1993.207321059447
1997.2553744140093
2000.9692834016064
1993.771391132298
1997.3456256256654
2000.886553124255
1993.7638701979934
1997.3946907685101
2005.7937836881947
1993.9218098183917
1997.3270023597681
2000.6870692953164
1994.0421447672666
1997.2969186225494
998.9265548106835
1000.726206947875
2004.3329317344426
2005.270899684155
2010.309925668291
2002.5107167943372
2007.4634311038337
2008.9844505320234
2005.600030094917
2001.3714743170424
2006.9029424282708
1992.7861487383848
1997.4362349770504
2005.646946399389
1994.1288145816347
1997.4208349687121
2000.792362375582
1999.0625474855053
1997.4584396402356
2001.3227673139263
1993.4780746944155
999.2990201286295
997.8156053719634
2015.4900587055722
1997.7216723408994
2005.3500485642185
2009.9413998873617
2003.1388938786424
2007.436928763903
2008.9959110033446
2005.128001932366
1996.8456625642687
2001.356432448433
1993.3161955370006
1997.2482116194333
2000.8750926529335
1993.8842051468682
1997.3495651626822
2000.7884228385653
1993.9067679497823
1997.3083790938708
2000.8074042441913
995.3559017146041
997.0165956370233
2008.0160407053634
2012.448019849193
2001.7829768654271
2005.880095362834
2001.2174742336608
1993.515679365939
1997.383230297189
2005.7074720135552
1994.1660611134294
1997.424774505729
2000.5892971493556
1994.196502990377
1997.4548582429477
2000.7508181670419
1994.1173541103135
1997.4136721741363
2000.7246739668399
1994.1549587818367
1997.4774210458618
999.2614154571062
999.6542947395935
2003.4848568566576
2007.6099102529106
2009.8758603169924
2003.6030429671598
2004.8422064287881
2011.2654424647144
2003.6764616115627
1997.0598301220875
2006.045914057266
1993.9103493470702
1997.2933372252614
2000.7096320982305
1994.147437847532
1997.3681884285795
2000.5481110805442
1989.8791285597613
2002.016483968601
2005.7712208852806
1994.0758099017733
999.193727048364
997.8195449089802
2011.4513169839586
2002.020065365889
2004.9134762348183
2009.7497951324567
2003.2065822873844
2007.5461613811854
2009.8719207799757
2004.5148667166702
1996.386885571683
2000.7511763067707
1993.9293307526964
1997.2929790855326
2000.7397158354493
1993.8430190780568
1993.0325488717954
2000.3335853829965
1993.9218098183917
1997.3230628227514
2000.9166368614735
995.26206910566
997.1254701145768
2010.449242022792
2007.8072452434765
2003.5357126981464
2004.469741110842
2010.6036002459025
2002.1382514763911
2007.7266638044975
2013.3390714944335
1995.516247890984
1997.424774505729
2000.6645064924023
1999.1037335543167
1997.3835884369175
2000.6870692953164
1994.2076053219696
1997.3646070312916
2000.747236769754
1994.0872703730947
1997.447337308643
999.2238107855828
999.4401271817745
2004.0335269211705
2007.760687078733
2012.2861406917782
1992.026534373612
2002.4523400185437
2005.8389092940229
1993.9558330926272
1997.4322954400336
2006.5458771186627
1998.4268494668954
1997.4283559030168
2000.747236769754
1994.1288145816347
1997.4022117028148
2000.7056925612137
1994.124875044618
1997.4136721741363
2000.672027426707
1994.1660611134294
999.1976665853808
997.9284193865337
2007.814766177781
2005.223983379683
2004.8386250315002
2011.0810005043852
2001.8825397100318
2007.7531661444284
2009.4808321961323
2004.2236991171603
2001.807330366985
2001.5369348717454
1993.2187815307684
1997.4774210458618
2000.5516924778321
1994.2752937307116
1997.4999838487759
2000.5176692035968
1994.3017960706425
1997.4097326371195
2000.581776215051
996.0216834704328
998.0487543354086
2006.4327049643637
2009.907734752855
2002.0333165358543
2007.1511332603252
2010.7257258934212
2002.4072144127156
2005.4288393045533
2015.138723631625
1990.2476543406908
1997.161541805065
2000.7511763067707
1994.0195819643525
1997.3155418884467
2000.7060507009426
1993.9744563585245
1997.3155418884467
2005.876513965546
1993.8691632782588
1997.2517930167212
998.9269129504123
999.5866063308514
2008.1761291641344
2002.533279597251
2011.0509167671667
2001.8413536412206
2007.6589753957555
2009.488353130437
2003.2760613947705
2007.4480310954957
2001.3489115141283
1992.9365674244784
1997.3685465683081
2000.6344227551838
1999.1073149516046
1997.4362349770504
2000.7998833098866
1999.0170637399485
2000.0291666135213
1997.9096956985165
1994.196502990377
999.3065410629342
997.9434612551431
2008.894199320367
2004.5245364893476
2001.9953537246022
2001.638646554723
1993.162195453619
1997.3495651626822
2000.581776215051
1999.21260803187
1997.3946907685101
2000.7586972410752
1994.057186635876
1997.4810024431497
2000.5706738834583
1994.07974943879
1997.4057931001028
2000.7511763067707
1994.0382052302498
1997.4322954400336
2000.555632014849
996.0102229991113
998.7105965542205
2004.8271645601787
2010.588558377293
2001.8975815786412
2007.839477819068
2009.1839343609618
2003.527833624113
2006.019411717335
2008.96761796477
1991.703134198511
1997.2553744140093
2000.9617624673017
1993.8125772011094
1997.259313951026
2000.7622786383633
1993.9708749612364
1997.3982721657983
2000.8826135872382
1993.8129353408383
2002.3094422667548
998.9154524790908
999.3724387730324
2009.8192742398428
2001.360013845721
2010.7013723918633
2002.2174003564546
2008.2004826656926
2008.209794298641
2004.2613037886838
2007.1962588661534
2001.457785991682
1992.993153501628
1997.2704162826185
2000.6308413578956
1994.2337495221716
1997.3760675026128
2000.7096320982305
1994.1434983105153
1997.4362349770504
2000.7884228385653
1999.0399846825912
999.2914991943248
998.0297729297826
2007.8752917919473
2005.246546182597
2004.8683506289901
2014.337565058312
1991.3235060859888
1997.1765836736745
2000.8299670471054
1993.9894982271337
2002.2456933950293
2000.9538833932681
1996.7217462181056
1994.4633170883287
2005.8013046224994
1993.8992470154776
1997.4097326371195
2000.8299670471054
1993.936851687001
1997.3646070312916
2000.7998833098866
995.4801762004957
996.9560700228571
2009.6670648551053
2006.1565792334634
2005.054941427692
2004.985104180577
2010.9492050841889
2002.183735221948
2010.383344312694
2005.43277884157
1992.361036880306
2002.204507326218
2000.8976554558476
1993.7674515952813
2002.2947585378743
2000.792362375582
1993.9669354242199
1997.2854581512279
2000.8188647155127
1993.8842051468682
2000.0026642735904
996.2433719625565
999.3613364414398
2007.2621565762513
2003.646377874344
2010.7010142521344
2002.1686933533385
2008.538924709403
2008.35269205043
2005.7128441094872
2005.8650534942249
2001.499330200222
1993.0529628363367
2002.4562795555603
2000.7135716352473
1994.0947913073994
1997.3907512314936
2000.604339017965
1994.2602518621022
1997.3646070312916
2000.6118599522697
1994.2527309277978
999.2463735884968
997.8682519120963
2016.4416359649788
1998.8046868807735
2003.6238150714298
2009.8214230782157
2003.0182007900387
2007.5160776439666
2009.5073345360631
2008.967259825041
2004.6169365393766
1997.304439556854
1993.8089958038215
1997.165123202353
2000.8750926529335
1993.9293307526964
1997.3646070312916
2000.600757620677
1994.0496657015713
1997.2929790855326
2000.7998833098866
995.5102599377144
996.9865118998047
2008.3620036833788
2008.1460454269159
2004.8006622202481
2002.185525920592
2001.2962649739957
1993.4293676912996
2000.1265806197532
1997.9777422469874
1998.9833986054418
1997.3005000198373
2006.0269326516398
1993.7302050634867
1997.3871698342055
2000.9277391930661
1993.7112236578607
1997.3456256256654
2001.405497591278
1990.712161568937
1992.146869322487
1003.4054502589853
999.7674668938926
2005.4120067372999
2007.8939150578447
2006.3933095941964
2003.3530614364613
2007.8434173560845
2009.3039111701078
2003.452982420795
2005.9929093774044
2008.3695246176835
1992.0867018480496
1997.2893976882447
2000.954241532997
1993.771391132298
1997.2779372169232
2000.7586972410752
1993.9518935556105
1997.3270023597681
2001.3639533827377
1998.3627424554413
1003.8907295915016
1002.0853472186494
2010.3930140853713
2002.559423797453
2007.6890591329743
2011.1694610173975
2003.00888915709
2004.3121596301726
2010.1183209133862
2008.807529505999
1992.8387952785176
2000.792362375582
1996.1687784768474
1995.1025965042265
2000.7812600439893
1994.0647075701806
1997.3270023597681
2001.2511393681675
1993.5984096432903
1997.450918705931
2000.5742552807462
996.1233951534103
997.9846473239544
2014.2605650166213
2001.4935999645613
2008.709757360038
2001.8320420082719
2008.9318039918905
2003.9268012819898
2008.1270640212897
2011.5265263270055
1991.5301527095032
1999.7881385760427
1998.1768679361971
1993.8842051468682
2000.0216456792166
1998.1954912020944
1993.8315586067356
1999.9765200733884
1998.7595612749453
2000.8693624172727
1997.3721279655963
996.4654185944089
999.5980668021729
2006.2167467079007
2006.7206493063145
2011.1393772801787
1994.8225312363095
1997.3850209958327
1998.4157471353028
1996.2984250586708
2002.2872376035696
1998.4719750727236
2001.3639533827377
1997.1088952649325
1998.5396634814656
1993.6399538518306
1997.2854581512279
2000.9015949928641
1993.8691632782588
1997.2854581512279
2000.9993671388252
1993.7638701979934
998.9380152820049
1002.1569751644083
2009.9564417559711
2003.0371821956649
2007.4183054980058
2009.3604972472574
2003.7839035302009
2005.2633787498503
2011.863177672072
1998.2237842406691
1997.3871698342055
2000.7321949011446
1994.102312241704
1997.4133140344074
2000.6082785549818
1999.2276499004795
1997.469900111557
2006.1512071375314
1993.6772003836252
1997.4136721741363
999.3176433945268
1000.1846996779379
