2758.2238655013384
3411.4714471016405
13681.993435863606
3887.4939420478004
13764.768838820923
4157.2698555567
14107.990615352046
11375.95643379825
10669.298758163393
16260.468762181717
15775.8609416569
6809.434938052345
17968.726863842436
16631.43490722308
16013.691507636804
5992.996333210436
15690.22042086923
16218.723637253723
7856.832481897782
15689.79530901115
16354.751194625196
16969.662783375894
6139.835054575024
17297.911812265316
16551.220561466373
16574.18197389856
5629.3290758419025
15577.563987779688
16144.202638765657
8469.773585860656
14521.547811360815
16380.53653881893
16913.259357488078
6021.150771710144
17418.133947125636
16581.02960551311
16532.053281321027
5602.671303268826
15596.15179784384
16222.224811242415
8529.19254826492
14848.591700062841
16369.278058304551
17013.667769992582
5912.7554851137975
17672.15350326623
16610.3952725756
16447.190998164027
5858.563213911555
15611.829722611541
