0.694895
43.0775
-87.5568
-1.96135
58.9067
-33.2016
5.45087
-17.5438
12.7548
-8.81404
-2.47876
25.5246
9.80073
-54.25
22.0923
24.2281
-25.1185
-26.8272
-0.0601641
8.11914
7.0031
23.6836
-36.661
13.2421
-24.3815
-1.09799
1.77785
84.0462
-84.8645
0.884412
27.7838
-33.3219
5.32753
48.6336
9.75862
-63.9725
18.7802
-4.72288
-9.73455
-3.88961
51.9938
48.9796
-43.5317
-11.7561
57.5891
-73.325
17.2069
29.9286
-1.97037
-0.424157
-38.0297
-8.42598
-24.7545
74.3207
-73.1926
-4.14531
41.3538
-36.6971
50.0625
-54.3823
65.3623
-58.8585
10.7483
-19.0961
4.66272
54.2139
-53.8679
-5.52006
4.85524
42.3736
-42.2352
-5.08387
5.32151
0.706928
13.8889
-17.3634
3.87156
-1.19125
57.213
-60.6153
45.6164
23.3677
10.625
-79.6573
4.84321
-0.174476
40.5325
-44.2537
2.24412
59.2406
-46.7655
-16.1089
4.50328
-0.357976
0.180492
-4.10921
4.23555
0.544485
51.9156
10.3362
-38.2283
35.6713
-23.5843
-10.8085
49.2744
-64.6192
-5.88706
-5.48997
10.6761
-3.667
69.1977
-74.7328
52.8542
-49.855
19.794
-23.9453
8.50419
90.8959
-91.7051
26.5173
-7.61978
25.2057
-33.9416
8.94038
22.7541
-3.04731
-22.9015
13.576
38.1831
-49.7316
36.3993
-65.988
45.7668
-40.713
-0.88742
-3.8114
39.2691
-34.8531
-0.514403
-4.19645
58.654
-41.5132
-8.48314
-7.89353
62.9978
-50.1979
-7.39116
44.2356
4.24758
-21.8847
10.1707
-42.3104
3.88058
0.43619
-0.00601641
-5.10192
5.51404
35.2862
-35.0125
-4.97256
107.083
-92.2255
54.0093
-69.2007
4.12425
29.3541
6.37439
-40.0272
3.75725
37.759
-37.5274
-3.45342
3.76928
0.598633
-0.294804
43.4565
-43.6069
6.58797
3.60082
-16.7196
40.2648
-12.9714
48.8352
9.2021
-54.9178
15.3358
24.0747
-49.2052
-5.99535
-1.21531
1.05588
47.3251
10.0745
-10.9318
-25.9337
-10.4896
9.28633
-20.7566
-0.490337
-6.16682
42.8519
-21.7644
49.2985
-49.0999
82.6444
207.662
-269.671
8.12817
14.295
-64.3786
11.362
-16.2804
5.67347
-1.34166
0.210574
-3.76627
4.68979
51.6539
-23.7438
-33.1685
86.1249
-68.1268
22.7962
-30.5002
-6.42553
1.0649
53.3776
-57.5289
3.79034
1.29654
-3.79034
39.9881
-36.7332
0.0962625
-1.35068
-3.79335
12.3246
6.91285
-15.2636
-3.35716
61.605
-13.3354
-14.9869
46.2481
-70.9335
70.8161
-71.9081
-5.30647
11.2266
-4.24758
0.427165
6.82261
34.0769
5.16509
-47.6078
67.468
-64.7366
-2.54795
0.782133
-5.20119
45.6495
40.2257
-67.7418
-9.42771
27.4769
-22.5615
4.55743
-5.91413
55.008
-50.3062
18.8374
-38.6163
25.7322
-21.3733
-0.484321
8.67566
-9.38259
13.2722
-13.8137
-3.4835
23.6415
61.6201
-66.5234
-17.0625
81.39
-7.88751
-7.74914
-45.7067
-16.2834
-0.574567
0.204558
22.1223
6.63008
-23.7829
-5.69754
70.019
-67.9644
44.2627
-45.3848
21.7433
-5.51705
83.595
-31.893
-57.0536
3.53765
28.3132
-25.0283
-11.726
1.09499
13.7475
-14.0603
11.4252
44.5666
-56.4821
-0.866363
-3.2639
58.8074
-55.6127
0.177484
-5.87502
16.9693
68.1358
-67.9493
14.0874
-12.6675
59.385
32.7112
-53.2212
-57.7635
-0.0511395
58.1305
-13.3685
-44.2597
-0.159435
29.4954
-13.6633
-16.4158
52.2585
-51.7351
43.4836
12.114
-46.2572
-0.908478
-12.2705
66.0421
-61.0635
-0.812215
-5.07183
8.15825
-2.3825
-0.794166
34.6274
-34.3326
0.839289
-1.48605
-4.52735
6.40146
-1.51614
-0.0661805
33.5716
195.864
-204.874
-15.8954
42.7496
-15.405
38.4629
-11.9787
32.3322
-79.3203
120.5
-86.8499
-42.5029
27.9252
-35.3374
0.111304
-4.42808
5.5381
51.0522
-51.7983
38.2614
-24.6733
36.0473
60.2513
-114.504
11.1665
44.9937
-51.4373
-4.86126
4.8402
1.80793
-1.60337
21.3432
-21.1116
29.2789
-30.4882
-3.41732
36.5768
16.4368
-48.3689
-4.12425
19.4029
50.4446
-47.3521
-9.48788
5.24029
15.2847
-25.6931
15.39
-13.8137
-1.29052
0.496354
-6.60301
6.05852
7.80328
53.4438
-64.7606
38.2373
-32.627
-1.87712
-4.13929
53.7265
10.5257
-48.2245
30.2114
-23.5633
-7.73109
13.7294
8.38687
533.159
-562.649
3.04731
13.576
33.8694
-57.8568
-1.97037
45.9413
-44.1334
0.415132
-1.89216
24.8357
39.0676
10.273
-48.3328
-30.0941
5.21021
50.9831
-51.2147
-4.99362
5.78779
-0.85433
48.3569
-12.5532
-35.8969
-0.333911
1.20027
-5.57721
5.84494
47.5748
-48.5163
-5.47192
13.2602
31.4538
33.6227
-63.1994
85.4029
-32.1397
-27.4288
-20.1279
5.56518
-13.8768
11.1875
-13.209
37.7831
-32.7714
-5.7547
0.258706
6.67821
55.5044
-60.85
38.0418
-25.7623
0.216591
14.2679
-21.9027
-1.53418
41.0169
8.37785
-57.7214
0.123336
-1.48605
0.935552
55.3089
-54.8636
-0.370009
-0.791158
52.1833
-51.9908
31.7336
-4.86126
-31.6162
35.1268
8.51021
233.581
-199.652
-67.2845
3.60082
-3.62489
38.4148
-11.6899
-27.1641
1.08596
-4.94248
8.21541
0.73701
53.0527
-60.7056
2.54193
-0.0752051
52.433
-53.5972
19.3067
9.51194
-17.8507
54.0123
-47.6891
0.667821
-10.0655
-0.0962625
48.9074
-41.8501
-15.8743
-7.04522
4.46718
35.8638
-36.1586
-4.96053
38.4479
-40.1806
5.78177
-3.69708
18.714
39.4135
-12.2795
-45.7668
4.38596
-0.210574
0.421149
-4.30775
4.33482
45.7458
-46.0105
-5.08387
67.2604
-62.2067
0.0270738
-3.47147
4.1062
-0.240656
57.58
-3.91969
-39.4917
333.017
-236.033
-68.6202
-9.96017
173.218
-139.403
-30.9243
5.61331
8.44102
-44.3349
1.01978
3.62188
26.1383
-29.1074
-0.836281
10.0955
45.827
-45.6585
40.5837
-8.49818
-20.5129
58.2629
-58.7051
105.543
-14.3431
-118.12
-5.15907
4.04904
0.31887
0.144394
69.2609
-69.0924
0.442206
21.5989
-27.4228
5.38769
42.6383
-33.6137
49.13
-44.1093
0.0721969
-7.39116
0.604649
60.2032
-15.2456
-47.5477
-4.26563
9.19608
-2.566
13.9641
-20.9461
3.51057
34.82
-31.165
-4.97858
66.8363
-64.3214
12.2043
-15.0049
109.824
-97.9351
2.02151
-8.92233
18.7862
-9.23519
-0.198542
-4.25661
0.0421149
40.8394
-35.4306
45.114
20.149
-33.9536
-7.09335
-46.582
32.7804
23.4339
-51.4644
-4.93045
69.4925
-13.3745
-15.3599
-39.7444
3.66099
1.98241
13.0797
-18.5305
4.56946
18.2026
-18.9727
-5.2072
5.2433
32.6661
-33.2647
-3.76928
4.31076
56.7738
-58.5367
-2.32233
147.393
-73.0813
15.8472
-39.6692
-24.4748
-4.70483
24.8117
-24.9801
-5.59225
-3.39626
-2.87584
-3.38423
44.2086
-39.3774
0.478305
-3.62789
3.17065
-0.583592
15.1674
24.3995
-10.637
73.6228
-88.1915
-9.26527
11.8433
-19.0329
58.6239
6.35333
-27.7146
9.30739
-50.1769
-4.54841
65.9308
-61.1658
-1.21832
-3.71513
4.01595
1.04686
34.2183
-10.8325
-16.8941
61.6923
-59.382
43.625
-52.2495
56.2264
-56.6565
36.306
-36.8204
14.6259
-14.8455
37.5935
-8.85615
-28.7735
0.574567
-5.66746
59.9896
48.7088
-54.7433
-52.4902
46.2542
-25.5878
6.61805
87.2199
-75.5661
-8.29061
-9.15096
-4.22954
3.69107
1.63947
-3.45643
-19.3879
23.0338
-18.2327
40.0181
-46.0195
4.41003
1.465
-0.204558
35.2351
-27.3596
27.8439
37.7319
-78.3487
4.67475
0.0270738
99.9957
-67.7418
-31.4899
-1.14913
33.6498
-38.8871
5.52306
0.255697
-0.0571559
47.3341
-47.1957
-0.306837
0.544485
-5.67047
20.8559
39.5519
-43.4896
0.637739
0.824248
2.61413
-10.4655
35.8367
-32.4104
-3.58879
1.21531
10.9348
41.787
-53.0707
11.2928
27.122
-25.1155
-12.4931
-1.95533
35.1358
-21.4304
54.5628
-56.6836
73.3641
-68.2862
11.001
0.848314
-22.8624
-9.60821
-0.655789
0.306837
-5.09891
57.1469
-53.0256
27.88
-32.7052
27.0708
-22.6277
1.12507
36.2158
-20.7957
79.0646
-86.8679
-9.70748
2.82771
-0.499362
-0.0962625
-3.90766
3.67603
0.947584
36.282
-41.5764
4.47019
42.0908
-29.9858
-17.1287
4.59353
49.4007
4.81614
-9.69544
14.5146
-39.0676
47.1326
-59.7008
25.7171
-15.7419
4.35287
25.296
-11.732
-0.015041
-29.2458
21.2951
18.9005
7.34904
-40.3791
44.8704
-48.8202
-1.2815
0.478305
-4.22051
75.0968
-52.6947
-19.421
-5.51705
30.9424
-32.1667
15.2546
-3.64895
8.69371
-8.16427
-12.5232
30.6446
-31.7215
1.04686
0.526436
-4.76199
3.82944
11.9396
36.8836
-52.4661
34.5643
153.28
-164.01
-11.1544
27.2363
-30.1181
-1.07694
0.556518
2.07265
50.1197
-24.944
6.35934
-33.6377
99.716
-98.4104
-6.15779
5.58323
0.276755
17.971
16.7497
21.6892
-48.1072
1.13108
-4.768
4.63865
1.11905
16.5
-4.0701
-11.6237
-9.36755
2.87284
-15.6547
5.42981
-0.568551
-0.312853
-3.99189
211.729
-67.9553
-65.8676
-83.8657
67.471
-50.7965
3.34813
-13.3324
3.57976
28.3734
-29.4804
-3.02625
3.70009
52.9775
-52.1803
-4.99964
4.15433
0.195533
-0.493346
-3.10748
4.54239
-0.135369
25.8405
-30.6747
11.9486
21.1657
-12.3818
-6.95196
42.8398
-33.6016
0.210574
-8.64257
0.526436
96.3919
-55.6428
-49.7707
6.38642
-1.31759
-0.258706
-3.63692
23.0759
-18.8163
4.45515
4.66873
26.4331
18.6208
13.6512
-63.058
-3.85351
-0.896445
202.84
-214.241
40.5656
-35.7676
26.3459
11.6899
-39.2962
43.4776
6.41349
-53.4949
31.9772
-18.6539
45.9864
-16.7527
-32.1968
34.7538
43.3873
-75.8007
-0.526436
46.546
-48.2546
-4.14831
2.7856
48.6487
-1.39882
-52.7669
4.83418
62.1826
-61.9149
45.0298
-40.5596
19.051
-23.2745
54.259
-36.5076
46.6964
-55.6548
-5.72461
23.8671
-17.1468
0.893437
-0.120328
6.98204
-4.34686
0.755059
169.308
-187.664
-0.0571559
14.9748
-19.436
3.62188
60.3085
-33.749
